0 915
0 1558
0 1494
0 35
0 1734
0 1795
0 519
0 1162
1 1737
1 519
2 1062
2 372
2 293
2 1027
2 507
2 203
3 930
3 290
3 197
3 643
3 153
3 1654
4 1637
4 451
4 363
4 545
5 55
5 1184
5 1145
5 1681
5 1573
5 867
6 1545
6 1652
6 1463
6 790
7 1576
7 636
7 313
7 1404
7 1572
7 881
9 1307
9 656
9 927
9 1297
10 1044
10 1669
10 416
10 1257
10 983
10 1416
10 372
10 86
11 1236
11 1369
11 1762
11 778
12 981
12 1327
13 87
13 1582
13 977
13 411
13 807
13 729
14 157
14 479
14 556
14 675
14 1095
14 146
14 651
14 996
15 880
15 1645
15 515
15 1335
15 1012
15 1066
15 1760
15 1269
16 1782
16 1799
17 678
17 1769
17 1683
17 522
18 1143
18 1504
18 370
18 402
18 241
18 636
19 1626
19 810
19 6
19 644
20 1247
20 563
20 114
20 646
20 666
20 734
21 1043
21 1169
21 605
21 1463
21 249
21 1315
21 736
21 1333
22 1331
22 492
23 643
23 1415
23 918
23 1134
23 325
23 1383
24 1299
24 1144
24 1766
24 1716
24 1518
24 1764
25 1765
25 1252
25 512
25 1562
25 1290
25 1584
26 927
26 1787
26 100
26 68
26 759
26 795
26 680
26 1168
26 1079
28 8
28 1160
29 1204
29 1227
29 829
29 1467
29 1480
29 1235
29 1312
29 1446
30 783
30 137
30 135
30 650
30 288
30 1262
31 367
31 77
32 652
32 1306
32 1780
32 379
32 261
32 1492
32 614
32 1120
32 1100
33 1215
33 907
33 1412
33 1659
33 39
33 1176
34 1412
34 38
34 1045
34 58
34 538
34 922
34 292
34 498
35 902
35 1091
35 1393
35 179
36 1616
36 1042
37 801
37 1723
37 199
37 1640
37 549
37 514
37 64
37 87
38 726
38 79
38 1518
38 317
38 837
38 242
38 530
38 748
39 240
39 1010
40 818
40 639
40 795
40 580
41 1718
41 791
41 22
41 430
41 611
41 1094
42 75
42 1026
42 300
42 986
42 1148
42 1726
42 1453
42 535
42 1122
43 1359
43 922
43 243
43 630
43 1788
43 777
43 793
43 382
43 33
44 463
44 87
44 636
44 377
44 1023
44 1555
45 1382
45 107
45 1710
45 1377
46 1201
46 677
46 284
46 1505
46 413
46 320
47 1037
47 803
47 752
47 578
47 1150
47 1456
48 1142
48 546
49 1620
49 470
49 1247
49 619
49 1769
49 1537
49 1072
49 1336
49 25
50 13
50 185
51 429
51 1260
51 599
51 845
51 1424
51 1705
51 1313
51 118
51 1408
52 1424
52 968
52 1194
52 1686
52 1720
52 1071
52 54
52 1470
53 517
53 179
53 229
53 567
53 1671
53 1105
54 1557
54 540
54 1148
54 1379
55 1477
55 1297
55 792
55 1480
55 1079
55 117
56 403
56 586
56 1651
56 1739
57 1759
57 910
57 286
57 1441
57 777
57 337
57 1706
57 43
57 396
58 745
58 1026
58 1149
58 697
59 1345
59 518
59 677
59 1446
59 1127
59 1380
59 289
59 1084
59 408
60 1086
60 1344
60 698
60 1748
60 507
60 67
62 72
62 1705
62 1185
62 1348
62 666
62 183
62 883
62 1242
62 7
64 1099
64 209
64 681
64 1523
64 290
64 318
64 75
64 1093
64 376
65 524
65 962
65 1481
65 571
66 656
66 1207
66 1368
66 1023
66 177
66 84
66 678
66 1119
67 212
67 348
67 517
67 1638
67 418
67 1033
68 733
68 492
68 67
68 1684
68 639
68 318
68 1773
68 659
68 1747
69 485
69 1381
69 27
69 1282
69 1668
69 778
69 391
69 1677
69 1169
70 1552
70 439
70 335
70 233
70 717
70 1542
70 540
70 1491
71 1543
71 472
72 100
72 411
72 369
72 1121
72 1409
72 370
75 1313
75 474
75 1574
75 607
76 1417
76 1585
76 1478
76 990
76 1541
76 360
76 1247
76 372
77 811
77 587
78 1271
78 717
78 1326
78 1159
78 1166
78 536
78 1776
78 1048
78 190
79 731
79 404
79 168
79 1162
79 366
79 143
81 692
81 44
81 1085
81 1400
81 1712
81 1047
81 442
81 149
82 1467
82 1754
83 368
83 871
83 1235
83 1430
83 898
83 1529
83 1663
83 730
83 1478
84 279
84 1036
84 337
84 1026
84 609
84 1340
85 542
85 1266
86 1114
86 959
88 1294
88 1304
88 447
88 333
88 132
88 476
89 447
89 691
89 38
89 246
90 1044
90 686
90 1657
90 1212
90 1667
90 1617
90 318
90 982
91 1121
91 1241
91 486
91 1464
91 812
91 0
91 107
91 523
91 894
92 684
92 1029
94 1215
94 373
94 930
94 462
94 86
94 893
94 664
94 630
94 906
95 1458
95 1078
95 395
95 91
95 1643
95 1796
95 1036
95 788
95 1536
96 170
96 1604
98 1202
98 1620
98 0
98 1500
99 244
99 24
99 332
99 958
100 751
100 702
100 1176
100 157
101 1610
101 1324
101 116
101 714
101 1412
101 942
101 1008
101 437
101 1652
102 1568
102 1787
102 1754
102 1627
102 839
102 240
102 1212
102 381
102 254
103 71
103 568
103 1658
103 1229
103 1639
103 1187
103 731
103 1723
103 1794
104 1430
104 1383
104 1201
104 1354
104 621
104 805
104 858
104 733
104 974
106 566
106 923
106 674
106 1456
107 1250
107 1510
107 1635
107 1073
107 851
107 972
107 629
107 941
107 807
108 1459
108 126
108 1314
108 93
108 1469
108 488
108 334
108 114
108 1520
109 48
109 205
110 678
110 1302
110 1151
110 60
110 1783
110 1483
110 1148
110 843
111 91
111 846
111 440
111 1157
111 672
111 255
112 1796
112 347
112 1382
112 1408
113 707
113 1783
113 432
113 1764
114 119
114 1433
114 23
114 435
115 1701
115 538
115 505
115 127
115 529
115 499
115 564
115 1693
115 1441
116 331
116 934
116 584
116 503
116 1524
116 1451
116 1285
116 747
117 959
117 733
118 1474
118 1781
119 706
119 1251
120 1421
120 89
120 532
120 578
120 293
120 615
120 860
120 1728
120 1761
121 1268
121 1014
121 105
121 131
121 727
121 814
122 1129
122 1378
123 1507
123 1606
123 1087
123 1603
123 28
123 1387
124 220
124 635
124 498
124 244
124 910
124 1510
124 1361
124 1117
124 112
125 1762
125 789
125 692
125 451
126 346
126 772
126 84
126 597
126 1673
126 451
126 1656
126 514
126 1689
127 1176
127 879
127 208
127 252
128 731
128 125
129 950
129 1739
129 430
129 937
129 649
129 1028
129 1785
129 412
129 165
130 89
130 576
130 540
130 1214
130 1686
130 120
130 451
130 498
130 846
132 1079
132 594
132 676
132 354
132 1511
132 878
133 332
133 456
133 29
133 372
133 308
133 428
133 136
133 430
133 200
134 1476
134 252
135 1792
135 1149
135 808
135 476
135 1779
135 717
135 1050
135 58
135 1679
136 504
136 1293
136 1346
136 349
136 847
136 814
137 805
137 1202
137 909
137 262
137 158
137 1503
138 529
138 452
138 889
138 839
138 623
138 781
138 16
138 414
138 1165
139 1261
139 95
139 1386
139 715
141 1494
141 222
141 378
141 268
141 749
141 1512
141 1153
141 1576
143 462
143 913
143 1419
143 624
143 680
143 67
144 653
144 255
144 457
144 455
144 1495
144 416
144 802
144 233
144 1372
145 380
145 130
145 830
145 1351
145 190
145 447
145 608
145 796
145 1158
146 1368
146 998
146 942
146 193
146 1457
146 852
146 1086
146 1223
147 1457
147 38
148 236
148 250
149 1615
149 424
150 1621
150 459
150 876
150 118
151 436
151 1597
151 1516
151 186
151 756
151 29
152 1592
152 99
153 856
153 1439
154 472
154 611
155 1614
155 669
155 1647
155 1042
156 1702
156 69
156 321
156 693
156 1307
156 986
157 379
157 215
157 602
157 73
158 1209
158 68
158 1250
158 1253
159 395
159 1729
159 1635
159 373
159 1740
159 556
160 1563
160 1077
160 88
160 262
161 220
161 1287
161 496
161 1729
161 1296
161 1348
161 561
161 1312
162 449
162 1070
162 1279
162 1348
162 1591
162 474
162 834
162 972
163 897
163 655
164 436
164 951
164 664
164 1352
165 546
165 1068
166 1588
166 280
166 897
166 982
167 269
167 160
167 122
167 871
167 3
167 394
168 1757
168 1600
168 995
168 15
169 42
169 1342
169 895
169 1757
169 1277
169 590
169 493
169 904
170 1267
170 1591
170 909
170 37
170 1463
170 237
171 1082
171 97
171 1346
171 175
171 666
171 260
171 1005
172 474
172 626
173 1518
173 362
174 1588
174 419
175 142
175 1315
175 1295
175 364
176 1392
176 1734
176 248
176 950
177 93
177 100
177 263
177 736
177 1409
177 1094
177 392
177 389
177 695
178 321
178 827
178 704
178 1368
178 1657
178 1337
178 1635
178 586
178 562
179 564
179 368
179 1278
179 588
180 396
180 57
180 1332
180 990
181 687
181 681
181 276
181 210
181 541
181 1302
182 1087
182 806
182 943
182 902
183 1136
183 1564
184 665
184 1378
184 257
184 89
185 1740
185 1107
185 143
185 1023
185 838
185 148
185 356
185 530
185 498
186 1004
186 1435
186 1667
186 418
186 600
186 1575
186 1461
186 1005
186 349
187 1149
187 1093
187 215
187 906
187 160
187 621
188 97
188 1676
188 1589
188 979
188 1432
188 136
188 1463
188 536
189 459
189 1161
190 279
190 1265
190 14
190 1019
190 752
190 1106
191 990
191 180
191 1579
191 793
191 240
191 209
191 1496
191 108
192 199
192 840
192 1441
192 726
192 1368
192 645
193 832
193 442
193 881
193 1683
193 90
193 900
194 1626
194 382
194 1644
194 1196
194 504
194 1347
195 973
195 28
195 1396
195 442
195 1085
195 1276
196 1752
196 999
196 822
196 4
196 550
196 123
196 1227
196 425
196 893
197 470
197 379
197 1745
197 930
197 1553
197 602
198 1099
198 1627
198 114
198 821
198 802
198 1111
198 1405
198 514
198 151
199 1094
199 373
199 85
199 1302
200 417
200 1728
200 1644
200 208
201 363
201 103
201 812
201 1188
201 818
201 1095
201 1065
201 690
201 800
202 93
202 1106
202 418
202 837
202 688
202 1111
203 383
203 1597
203 1400
203 19
203 620
203 1266
204 1244
204 1763
204 584
204 973
204 622
204 572
205 1775
205 1528
205 1417
205 1280
205 565
205 89
205 822
205 1100
205 1679
206 1777
206 1332
206 1040
206 720
206 330
206 1517
206 300
206 250
206 1136
207 787
207 1562
207 78
207 1261
207 767
207 917
208 1577
208 479
208 260
208 1605
208 834
208 1506
208 534
208 996
208 889
209 478
209 565
209 939
209 21
210 1426
210 950
210 563
210 1315
210 83
210 1375
210 903
210 1554
211 1012
211 1302
211 1189
211 1252
211 1442
211 548
212 995
212 1253
212 1419
212 263
213 646
213 308
213 998
213 136
213 109
213 519
213 1132
213 364
214 1439
214 246
215 1203
215 1489
215 999
215 115
215 1010
215 1694
216 410
216 1465
217 1102
217 1054
217 1398
217 1689
217 1011
217 191
218 229
218 1617
218 1075
218 1379
218 1715
218 1381
219 1113
219 1162
220 284
220 623
220 787
220 809
221 465
221 1230
221 315
221 1747
221 532
221 325
221 1073
221 332
222 602
222 1437
222 707
222 554
223 102
223 998
223 1373
223 1157
223 179
223 1773
223 1175
223 231
223 1322
225 83
225 879
225 1357
225 957
225 900
225 1511
226 1744
226 1231
226 1107
226 353
228 953
228 1033
228 690
228 912
229 1061
229 891
229 967
229 815
230 132
230 322
230 1476
230 1127
230 610
230 777
230 634
230 985
231 282
231 1787
231 751
231 771
232 1046
232 584
233 836
233 532
235 680
235 1291
235 1770
235 117
236 852
236 667
236 866
236 685
236 328
236 1432
236 923
236 421
237 1639
237 870
237 1460
237 83
237 548
237 1656
238 582
238 983
238 595
238 787
238 1580
238 911
238 922
238 199
238 1114
239 571
239 1791
239 546
239 136
239 1541
239 1766
239 1623
239 125
239 1762
240 1198
240 1491
240 1625
240 1570
240 965
240 1242
241 921
241 324
241 1212
241 555
241 1104
241 1562
241 1471
241 21
242 411
242 1708
243 1290
243 335
243 889
243 375
243 1086
243 1496
244 1515
244 959
244 1693
244 538
244 1744
244 1485
244 757
244 642
245 672
245 89
245 267
245 635
245 1207
245 121
245 462
245 177
246 9
246 569
246 1298
246 1405
246 331
246 1602
247 557
247 1228
247 529
247 702
248 491
248 1045
248 756
248 1259
249 1074
249 577
249 1217
249 1291
249 1456
249 463
250 215
250 1356
250 1713
250 663
250 1577
250 547
251 1058
251 554
251 317
251 1065
251 3
251 1661
251 322
251 600
253 247
253 898
253 1160
253 1509
254 1629
254 1083
254 951
254 494
254 677
254 1195
254 1504
254 1667
255 1705
255 254
255 231
255 1193
256 705
256 940
256 345
256 981
256 624
256 1185
256 1644
256 982
257 657
257 913
257 1274
257 1765
257 209
257 564
258 1431
258 91
258 899
258 36
259 600
259 887
259 308
259 76
259 893
259 835
260 1051
260 373
260 726
260 1737
260 1015
260 146
260 1091
260 13
260 1288
261 293
261 1367
261 949
261 9
261 1358
261 208
262 1369
262 1240
262 1055
262 1003
262 422
262 1119
262 1450
262 213
262 1093
263 1217
263 460
263 704
263 228
263 1455
263 575
263 1412
263 1195
263 713
264 566
264 1131
265 1406
265 81
265 433
265 1485
266 982
266 759
266 34
266 379
267 1549
267 1775
268 836
268 1432
268 499
268 343
268 212
268 1672
269 1573
269 1362
269 618
269 995
269 536
269 1694
269 857
269 1245
270 1171
270 1700
271 423
271 402
271 885
271 1166
271 583
271 1629
271 151
271 399
271 772
272 1585
272 1582
272 858
272 335
272 1654
272 457
272 520
272 650
272 398
273 1565
273 1008
273 381
273 1454
274 1221
274 1096
274 1482
274 1528
275 1049
275 788
277 198
277 1390
277 1069
277 1083
277 1292
277 1761
277 368
277 886
278 1586
278 787
278 1357
278 45
278 1350
278 1146
279 1469
279 1695
279 1367
279 586
279 875
279 1679
279 1529
279 679
280 121
280 982
280 1695
280 1266
280 1184
280 130
280 801
280 1397
280 1736
281 326
281 626
282 1094
282 1526
283 879
283 1090
283 522
283 1754
284 1674
284 1488
284 652
284 1619
284 292
284 983
284 602
284 1395
284 970
285 582
285 402
285 1785
285 1505
285 556
285 1764
286 1505
286 471
286 259
286 762
286 479
286 1270
287 1306
287 1593
287 1335
287 1268
288 414
288 529
288 561
288 384
288 1169
288 1319
288 1353
288 295
288 360
289 1470
289 608
290 337
290 1227
290 692
290 999
290 1661
290 747
291 1110
291 117
292 1240
292 311
292 362
292 924
293 1057
293 1372
293 1134
293 1578
293 583
293 211
293 1643
293 190
294 821
294 1196
294 1206
294 1329
294 1200
294 131
294 262
294 448
294 1322
295 1673
295 439
295 920
295 1787
295 14
295 1430
295 50
295 1496
295 566
296 1550
296 1788
296 1667
296 647
297 856
297 1563
297 1586
297 1409
298 886
298 107
298 203
298 932
298 398
298 783
298 688
298 872
300 1458
300 1049
300 429
300 1617
300 1508
300 1007
300 548
300 993
301 517
301 128
301 1070
301 114
301 984
301 1251
302 1670
302 199
302 1073
302 1310
302 287
302 829
302 669
302 786
302 398
303 688
303 1379
303 1175
303 1475
304 587
304 446
304 799
304 1538
305 255
305 965
305 55
305 335
305 1085
305 813
306 137
306 1134
306 261
306 680
306 1080
306 1079
306 1556
306 1475
306 1291
308 920
308 1671
308 143
308 610
308 1753
308 692
308 441
308 921
309 1745
309 484
309 413
309 886
309 390
309 553
309 1561
309 1768
310 1400
310 957
310 230
310 679
310 1290
310 183
311 442
311 394
311 518
311 1163
311 1200
311 1549
311 373
311 1521
312 319
312 931
312 239
312 812
312 1326
312 1255
312 1145
312 925
313 1399
313 379
313 858
313 1712
313 1515
313 300
313 1251
313 386
314 1011
314 393
315 25
315 161
315 1436
315 67
315 648
315 570
315 298
315 801
315 1729
316 1467
316 1281
316 1657
316 700
316 861
316 1550
316 285
316 615
316 1162
318 1146
318 389
318 1327
318 778
318 623
318 1713
318 1657
318 45
319 1116
319 2
319 291
319 522
320 1709
320 1032
320 902
320 589
321 355
321 1301
321 883
321 1149
321 1139
321 520
322 1133
322 1163
323 575
323 1639
324 1197
324 584
324 1750
324 947
324 476
324 803
324 1669
324 1302
324 646
326 1694
326 850
326 267
326 481
327 534
327 724
327 510
327 1439
327 318
327 412
328 596
328 1314
328 687
328 1263
329 294
329 1478
329 1468
329 526
330 1423
330 1299
331 680
331 379
332 763
332 562
332 1215
332 1623
332 887
332 1694
333 146
333 1754
334 211
334 26
334 1764
334 1460
336 334
336 392
337 493
337 1450
337 1527
337 47
337 1482
337 1673
337 333
337 1028
337 1097
338 1399
338 480
338 564
338 949
338 63
338 626
338 731
338 262
339 741
339 1284
340 1721
340 674
341 931
341 655
341 220
341 551
341 758
341 265
341 1309
341 148
342 590
342 833
342 528
342 1518
342 191
342 844
342 161
342 1302
342 1512
343 83
343 763
343 1405
343 1184
343 1309
343 1404
343 1764
343 1296
343 1708
345 1219
345 1640
345 140
345 496
345 53
345 923
345 449
345 372
345 1111
346 1315
346 1754
346 607
346 808
346 769
346 1077
347 1303
347 810
347 84
347 1456
347 183
347 932
347 913
347 1568
347 1587
348 338
348 1171
348 1467
348 652
348 676
348 368
349 1405
349 174
349 1169
349 522
349 1680
349 518
350 806
350 1680
350 551
350 1391
350 20
350 425
351 665
351 242
351 1637
351 1561
351 669
351 302
351 605
351 1634
352 556
352 1671
352 0
352 1142
352 790
352 1079
352 610
352 1023
353 469
353 1255
353 790
353 1541
353 286
353 92
354 880
354 490
354 558
354 1628
354 831
354 873
355 891
355 1386
355 852
355 599
355 1598
355 1036
356 115
356 715
356 603
356 1574
357 1225
357 1120
357 1001
357 459
357 328
357 1451
357 1583
357 153
358 1081
358 1758
360 1291
360 1591
360 236
360 1491
360 474
360 1400
360 932
360 1454
360 1735
361 150
361 1449
362 755
362 1450
363 1282
363 1246
364 141
364 459
364 901
364 273
364 730
364 1548
365 553
365 904
366 222
366 1329
366 1392
366 482
366 213
366 390
367 621
367 1587
367 494
367 1415
367 1101
367 1523
367 211
367 1387
367 165
368 1228
368 407
369 796
369 1289
369 327
369 1188
370 1038
370 941
370 284
370 133
370 989
370 1128
371 1529
371 539
371 1113
371 798
371 1440
371 1503
372 139
372 1021
372 25
372 886
372 596
372 588
372 1796
372 514
372 443
373 501
373 1485
373 734
373 999
373 1737
373 445
373 1471
373 264
373 137
374 231
374 224
374 429
374 599
375 244
375 598
376 70
376 20
376 1593
376 830
376 806
376 349
376 147
376 1780
376 1570
377 1414
377 541
377 240
377 1293
377 629
377 1761
377 467
377 473
377 1692
378 1464
378 1421
378 1124
378 255
378 788
378 260
379 1658
379 227
379 786
379 1471
380 8
380 818
380 625
380 1602
380 1247
380 233
381 1285
381 1593
381 126
381 790
382 841
382 1350
382 659
382 787
382 398
382 1478
382 317
382 1690
383 981
383 1387
383 1729
383 973
383 1707
383 75
384 1045
384 1435
384 1696
384 446
384 1697
384 245
385 1729
385 225
385 87
385 1782
385 409
385 796
385 1710
385 1012
385 193
386 1314
386 694
387 1162
387 1771
387 1262
387 1139
387 1610
387 998
387 1110
387 274
388 1562
388 538
388 1240
388 950
389 751
389 973
389 849
389 126
390 656
390 1772
390 705
390 1226
390 48
390 1336
391 1091
391 1582
391 1565
391 777
391 1508
391 1671
392 1085
392 694
393 1496
393 390
393 1447
393 388
393 1582
393 356
394 276
394 1453
394 685
394 246
395 930
395 1791
395 1421
395 692
395 533
395 88
395 1064
395 1042
396 1769
396 545
396 1771
396 522
396 1333
396 1306
396 337
396 712
396 1557
397 1201
397 1707
397 730
397 1510
397 1004
397 85
397 1120
397 1410
397 1197
398 1438
398 1767
398 1021
398 457
398 876
398 635
398 1249
398 277
398 1356
399 857
399 1393
399 285
399 1686
399 1077
399 706
400 1483
400 1113
400 1762
400 1413
400 75
400 1276
402 1077
402 515
402 1439
402 1449
402 265
402 985
403 777
403 648
403 863
403 945
403 745
403 545
403 1704
403 1420
404 528
404 539
404 495
404 1549
404 1079
404 1749
404 1297
404 196
404 101
405 492
405 90
405 43
405 594
406 1341
406 1123
407 1346
407 1460
407 114
407 1548
408 1553
408 41
408 1572
408 895
409 882
409 669
410 1316
410 1605
410 1190
410 66
411 843
411 1610
411 783
411 958
411 1221
411 1601
411 756
411 651
411 797
412 678
412 1218
412 1619
412 365
412 1171
412 1235
412 1076
412 1330
412 547
413 234
413 315
413 1555
413 1501
413 1790
413 1112
413 295
413 59
414 1468
414 952
414 35
414 1681
415 1155
415 96
415 357
415 1555
415 1046
415 1206
415 1740
415 137
415 333
416 237
416 94
416 983
416 1013
416 751
416 687
416 209
416 65
417 1737
417 1533
417 918
417 1241
417 1690
417 1073
418 324
418 47
418 1271
418 887
418 621
418 277
418 340
418 1795
420 809
420 284
420 407
420 322
421 752
421 288
421 363
421 646
422 103
422 502
422 1217
422 386
422 172
422 1046
423 79
423 580
423 1221
423 1096
423 1051
423 830
423 1478
423 1672
423 456
424 554
424 1387
424 156
424 1309
424 1706
424 1107
425 302
425 200
425 465
425 658
425 848
425 1545
425 1745
425 1303
425 877
426 28
426 614
426 213
426 772
427 1167
427 852
427 871
427 1085
427 428
427 1459
427 735
427 531
428 1136
428 1701
428 1679
428 725
428 265
428 1142
428 970
428 630
428 1553
429 1487
429 1242
429 1432
429 873
430 1555
430 635
432 1422
432 1690
432 466
432 1676
432 491
432 1207
432 773
432 119
433 1378
433 1303
433 297
433 1495
433 1642
433 1768
434 1092
434 317
434 981
434 515
434 529
434 51
434 859
434 306
435 1680
435 1334
436 257
436 1780
437 715
437 364
437 1446
437 1193
438 928
438 822
438 446
438 697
439 1676
439 865
440 1637
440 985
440 644
440 51
441 1630
441 181
441 1111
441 1066
441 501
441 1374
441 1356
441 330
441 769
442 659
442 586
442 1515
442 419
443 657
443 512
443 381
443 1069
443 472
443 485
444 31
444 1050
444 977
444 527
444 15
444 1309
444 519
444 1201
445 399
445 1477
445 1238
445 1791
446 351
446 1682
446 88
446 730
447 84
447 980
447 507
447 1275
448 960
448 1397
448 1075
448 72
448 548
448 1734
448 931
448 897
448 1767
449 1032
449 1715
449 972
449 1738
449 1783
449 1570
450 1115
450 1016
450 1338
450 949
451 378
451 1146
451 1022
451 1687
451 595
451 1752
451 1723
451 1546
452 449
452 1586
452 53
452 1336
452 1210
452 586
452 1347
452 180
452 791
453 665
453 208
454 1333
454 1232
454 1601
454 691
454 442
454 1577
454 841
454 761
454 1445
455 1012
455 126
455 1633
455 727
455 1090
455 814
456 134
456 772
457 300
457 1688
457 937
457 901
458 33
458 406
459 951
459 53
459 1226
459 1286
459 1694
459 108
459 312
459 684
460 1624
460 280
460 1307
460 1747
460 121
460 1265
461 614
461 642
461 1336
461 465
462 267
462 1747
463 1735
463 1740
463 828
463 1545
464 1297
464 1351
464 367
464 159
464 1787
464 677
465 1286
465 961
465 1387
465 974
465 1003
465 491
466 1049
466 700
467 161
467 1792
467 725
467 395
467 172
467 1649
467 1612
467 947
467 1318
468 213
468 1338
468 1285
468 694
469 854
469 985
469 1433
469 1176
469 251
469 1446
470 1248
470 1638
470 305
470 890
470 465
470 353
470 169
471 1161
471 685
471 1546
471 1319
471 1581
471 232
472 808
472 782
472 47
472 660
472 1091
472 109
472 1221
472 457
472 978
473 853
473 1504
473 731
473 899
473 462
473 624
473 811
473 972
473 1004
474 1364
474 916
474 279
474 896
475 1323
475 44
476 1722
476 298
476 150
476 256
476 1402
476 789
476 1254
476 1789
476 1670
477 688
477 1690
477 723
477 1073
477 205
477 589
478 718
478 945
478 344
478 1627
478 783
478 598
478 1361
478 1771
478 816
479 374
479 1288
480 136
480 454
480 1577
480 1626
480 149
480 1058
481 1736
481 1200
481 383
481 897
481 487
481 85
482 1125
482 730
482 101
482 1467
482 117
483 1442
483 316
483 995
483 472
484 1214
484 890
485 811
485 799
485 710
485 1270
485 1632
485 142
485 155
485 1123
486 1516
486 1412
487 1632
487 16
487 223
487 7
487 238
487 1553
487 1014
487 1217
487 649
488 569
488 2
488 1666
488 1058
489 443
489 890
489 812
489 960
489 83
489 219
490 314
490 1270
490 409
490 1268
490 656
490 527
491 1570
491 1677
491 1219
491 1076
491 147
491 1227
491 808
491 316
492 1360
492 881
492 1762
492 1284
493 1037
493 357
494 1445
494 1
494 1265
494 456
494 1564
494 738
494 1258
494 1406
494 920
495 259
495 1200
495 1618
495 110
496 1344
496 695
496 411
496 1090
496 44
496 1028
496 1676
496 540
496 863
497 1292
497 85
497 276
497 1397
497 396
497 1010
498 1104
498 504
498 1323
498 1285
498 470
498 538
498 1436
498 1299
499 1464
499 254
499 94
499 629
501 147
501 1058
501 1605
501 215
501 1791
501 559
502 900
502 1028
502 841
502 616
502 220
502 1267
502 1465
502 1315
502 1417
503 364
503 1138
503 1008
503 1267
503 979
503 1541
504 970
504 21
504 839
504 1080
505 904
505 16
505 992
505 873
505 433
505 986
506 514
506 465
506 1489
506 1018
506 912
506 240
507 359
507 659
507 646
507 1457
508 71
508 682
508 1392
508 390
509 1299
509 182
509 291
509 1442
509 1018
509 1537
510 1210
510 4
510 732
510 148
511 88
511 533
512 1204
512 1601
512 317
512 333
513 1294
513 956
513 1143
513 323
513 1700
513 669
513 1221
513 321
514 1004
514 1320
514 776
514 627
514 1338
514 942
514 1364
514 1056
515 1646
515 404
515 1601
515 281
515 953
515 1391
515 431
515 712
516 801
516 465
516 426
516 123
516 780
516 364
517 1466
517 315
517 240
517 1010
517 101
517 463
518 1122
518 227
519 300
519 927
519 135
519 1709
519 480
519 709
519 174
519 913
520 694
520 524
520 1366
520 1397
521 1493
521 1782
521 349
521 1457
522 1736
522 986
522 1493
522 1084
523 588
523 143
523 1185
523 262
523 634
523 43
523 1219
523 1126
523 1232
524 1643
524 350
525 1047
525 173
525 442
525 1555
526 916
526 1477
526 738
526 1190
527 1001
527 826
527 1585
527 551
528 1044
528 1280
528 1143
528 961
528 44
528 306
528 47
528 538
528 1357
529 557
529 1033
529 1003
529 471
529 293
529 973
530 1044
530 1313
531 568
531 1039
531 1659
531 962
531 889
531 70
532 202
532 1246
532 2
532 1566
532 522
532 895
532 448
532 616
532 411
533 1632
533 323
533 302
533 1316
533 1438
533 1601
533 185
533 311
534 245
534 1659
534 984
534 1240
534 526
534 612
534 419
534 809
535 118
535 1444
535 90
535 58
535 754
535 1249
535 370
535 1288
535 205
536 368
536 1194
536 588
536 347
537 1592
537 1075
537 75
537 1365
537 879
537 381
538 1021
538 1008
538 759
538 687
539 1751
539 1760
539 943
539 350
539 759
539 417
539 1036
539 1721
539 182
540 1597
540 1221
540 1437
540 1449
540 1729
540 844
541 494
541 543
541 577
541 1320
541 1408
541 1428
541 823
541 838
542 876
542 681
542 134
542 1694
542 1473
542 1354
542 562
542 729
542 384
543 1533
543 44
543 1012
543 1736
543 587
543 666
543 1311
543 1732
544 802
544 1768
544 1491
544 882
544 1126
544 1111
545 1698
545 1556
545 392
545 580
545 684
545 200
546 1267
546 1213
547 935
547 1601
547 298
547 627
547 275
547 1279
547 355
547 731
548 956
548 598
548 313
548 1463
548 470
548 471
548 455
548 914
549 761
549 563
549 897
549 348
549 1032
549 247
550 1469
550 510
550 1632
550 185
551 733
551 1713
551 1158
551 1781
551 77
551 339
551 738
551 1571
552 1503
552 960
553 207
553 1257
553 1688
553 1057
553 1628
553 626
553 257
553 1369
553 1526
554 392
554 1093
554 1656
554 1587
554 1144
554 1210
555 857
555 179
555 685
555 3
555 1433
555 34
555 1490
555 408
556 1252
556 537
556 1306
556 1086
558 1380
558 1607
558 1164
558 872
558 1105
558 952
558 1772
558 1679
559 1620
559 1307
559 707
559 637
559 577
559 777
560 1149
560 1014
560 332
560 833
560 263
560 874
560 468
560 1127
561 1204
561 919
561 857
561 727
561 1701
561 660
562 998
562 412
564 858
564 1708
564 996
564 974
564 1176
564 532
565 909
565 1139
565 1171
565 767
566 55
566 486
566 841
566 895
566 154
566 1078
566 1243
566 258
567 741
567 1215
567 379
567 1409
568 1699
568 1241
568 1662
568 157
568 730
568 1771
568 230
568 1158
569 728
569 1142
569 903
569 136
569 1622
569 870
570 900
570 26
570 1068
570 546
570 798
570 289
570 879
570 12
570 1079
571 1382
571 229
571 1197
571 811
571 1580
571 1503
571 702
571 822
571 251
572 930
572 1111
572 1410
572 1538
572 1228
572 299
572 862
572 103
573 1573
573 720
574 784
574 503
574 1041
574 1747
574 292
574 1563
574 747
574 462
574 1412
575 343
575 727
576 344
576 439
576 499
576 1623
577 1477
577 1358
578 821
578 39
578 335
578 807
578 1796
578 1308
579 1048
579 161
579 765
579 82
580 270
580 1733
582 1695
582 772
583 100
583 532
584 829
584 981
584 253
584 1711
584 71
584 798
584 1588
584 1747
584 727
585 86
585 1581
585 328
585 106
586 1262
586 315
586 195
586 800
586 1421
586 1433
586 1510
586 1411
586 777
587 1717
587 1303
587 1596
587 1297
588 1283
588 1379
588 1601
588 1740
588 790
588 1176
588 1021
588 536
588 362
589 564
589 1058
589 1246
589 1589
590 549
590 501
591 1764
591 1032
592 1201
592 949
592 116
592 211
593 231
593 1711
593 728
593 1432
593 1590
593 1072
594 1555
594 1242
594 115
594 1210
595 745
595 1522
596 1714
596 509
596 1472
596 1057
596 992
596 232
596 1007
596 133
596 1452
597 1660
597 998
597 203
597 1200
597 438
597 1254
597 410
597 23
597 1506
598 116
598 209
598 92
598 1405
599 428
599 252
600 548
600 887
600 1623
600 1494
600 692
600 149
602 435
602 610
602 1133
602 1215
603 1572
603 1043
603 1584
603 938
603 313
603 1366
603 522
603 1004
603 1118
604 1519
604 951
604 769
604 276
604 595
604 607
604 357
604 854
604 819
605 157
605 1014
605 1192
605 966
605 778
605 448
606 572
606 1076
606 1604
606 958
606 873
606 1121
607 108
607 969
607 1471
607 701
607 1367
607 1584
608 1702
608 329
609 1263
609 110
609 37
609 968
609 1525
610 1119
610 596
610 1053
610 387
610 1771
610 1248
610 1134
610 1769
611 808
611 501
611 277
611 979
611 1183
611 1057
611 1314
611 54
612 477
612 577
613 1689
613 1507
613 827
613 1382
613 1215
613 1457
615 1605
615 558
615 993
615 1324
616 1078
616 796
616 1127
616 523
616 380
616 1081
616 906
616 443
617 825
617 3
617 1311
617 223
617 1680
617 826
617 1759
617 1403
617 599
618 686
618 1064
618 1680
618 384
618 1364
618 687
619 611
619 858
619 109
619 1158
620 935
620 283
620 1176
620 1028
620 1612
620 0
620 1712
620 77
621 298
621 1475
621 119
621 935
622 711
622 114
622 1021
622 1624
622 1319
622 1664
622 353
622 853
623 580
623 221
623 1345
623 823
624 381
624 46
624 834
624 1375
624 402
624 1584
624 326
624 990
624 1399
625 809
625 393
625 467
625 649
627 1097
627 1628
627 731
627 1540
627 54
627 1661
627 1031
627 1391
627 1770
628 103
628 1608
628 678
628 754
628 1577
628 331
629 1066
629 378
629 1354
629 655
630 1520
630 467
630 861
630 96
630 340
630 39
630 1142
630 6
630 670
631 330
631 804
631 1475
631 1424
631 1063
631 324
631 913
631 319
632 229
632 1683
632 880
632 731
632 232
632 745
632 1246
632 434
633 799
633 1090
633 531
633 1195
633 1206
633 50
633 1774
633 367
633 966
634 236
634 218
634 778
634 738
635 939
635 1520
635 290
635 1144
636 1078
636 912
636 1011
636 272
636 1460
636 984
636 1780
636 1324
636 588
637 214
637 1236
637 1250
637 1018
637 1246
637 369
637 889
637 174
638 232
638 849
638 405
638 1456
638 853
638 1098
639 1534
639 1424
639 34
639 518
640 271
640 1672
640 763
640 1067
640 436
640 1458
640 121
640 1010
641 401
641 123
641 1776
641 881
641 990
641 1468
641 1095
641 88
642 171
642 1249
642 1307
642 439
642 776
642 931
642 841
642 202
642 1120
643 1175
643 1276
644 1487
644 1227
644 7
644 955
645 294
645 1097
646 842
646 1232
646 697
646 1624
646 1090
646 1134
646 1683
646 985
647 1632
647 1322
648 949
648 1591
648 675
648 1133
648 1152
648 851
649 345
649 74
650 678
650 327
650 598
650 1266
651 462
651 602
651 632
651 443
651 1309
651 1481
651 279
651 1119
651 73
652 1717
652 1412
652 1120
652 606
652 834
652 1361
652 1378
652 713
653 1411
653 1673
653 1393
653 162
653 1622
653 1066
654 727
654 1003
654 1715
654 1215
654 1529
654 222
655 286
655 819
655 1604
655 13
655 510
655 186
655 167
655 337
655 294
656 364
656 1320
656 837
656 1660
656 1359
656 154
657 1706
657 305
657 108
657 1574
658 1040
658 193
659 1113
659 873
659 1257
659 1541
660 1556
660 1438
661 1569
661 1007
661 613
661 672
662 1730
662 1458
663 903
663 1117
663 1760
663 1718
663 284
663 430
664 74
664 43
664 684
664 1081
664 932
664 1655
665 993
665 199
665 380
665 690
665 839
665 463
665 509
665 241
665 1209
666 1369
666 747
666 1241
666 710
666 835
666 1435
666 851
666 392
666 1157
667 1734
667 894
667 1432
667 88
667 1335
667 599
667 296
667 1685
667 1190
668 950
668 1050
669 254
669 1792
669 126
669 697
670 850
670 1611
670 611
670 1280
670 1556
670 63
670 1482
670 1348
671 1669
671 1062
671 1482
671 1323
672 1400
672 186
673 357
673 818
673 435
673 839
673 495
673 246
673 1361
673 95
674 715
674 1402
674 121
674 1574
674 1200
674 142
674 230
674 298
675 1120
675 62
676 50
676 686
676 1038
676 1350
676 856
676 1085
676 1543
676 828
677 543
677 58
677 298
677 178
677 301
677 728
678 369
678 749
679 715
679 408
679 15
679 1009
680 1343
680 1056
681 294
681 537
681 12
681 1266
682 609
682 1238
682 990
682 699
683 116
683 163
683 911
683 1648
683 285
683 1511
684 956
684 649
684 380
684 1364
684 980
684 515
684 1380
684 1394
685 666
685 1707
685 265
685 363
685 1311
685 23
685 167
685 1062
687 1091
687 179
687 981
687 573
687 440
687 1311
689 1166
689 1071
689 1217
689 784
689 667
689 409
690 1538
690 269
691 1455
691 627
691 722
691 1669
691 225
691 1158
691 461
691 1534
692 645
692 1254
692 345
692 1657
692 638
692 576
692 1453
692 1496
692 1492
693 909
693 1467
694 916
694 481
694 323
694 1142
694 66
694 1755
695 623
695 1668
695 1014
695 913
695 572
695 554
696 1756
696 1728
696 748
696 1134
696 934
696 1437
697 1496
697 1280
697 1376
697 1027
698 599
698 1553
698 1523
698 34
698 1233
698 246
699 1745
699 1169
699 816
699 1570
699 771
699 628
700 1545
700 1548
700 916
700 448
700 1501
700 428
700 537
700 1723
701 698
701 1395
701 1732
701 158
701 1132
701 440
702 1414
702 314
703 1237
703 453
703 1685
703 1289
704 1603
704 465
704 660
704 446
704 645
704 729
704 380
704 306
705 364
705 841
706 1618
706 1228
706 1113
706 572
706 1245
706 110
706 1354
706 1773
707 1094
707 1683
707 1230
707 1070
708 1404
708 178
709 876
709 1624
709 1137
709 1483
709 1470
709 212
709 1430
709 1673
709 1659
710 1669
710 1524
710 176
710 763
710 209
710 1526
710 978
710 1246
710 506
711 501
711 837
712 1712
712 1192
712 367
712 135
712 1658
712 44
712 1555
712 1432
712 617
713 1386
713 1778
713 874
713 572
713 272
713 790
713 1609
713 1119
714 1778
714 254
714 131
714 649
714 723
714 1203
715 1025
715 612
715 738
715 40
715 922
715 1233
717 1251
717 1467
717 1199
717 410
717 126
717 1748
718 1351
718 1537
718 453
718 1769
718 957
718 816
719 1631
719 1743
721 759
721 573
721 665
721 1365
722 282
722 1573
722 885
722 1615
722 1361
722 1048
722 464
722 981
723 688
723 1375
723 178
723 1004
723 1778
723 706
723 561
723 22
723 1226
723 1729
724 367
724 1693
724 1341
724 77
724 1280
724 618
725 791
725 1316
725 1560
725 1520
725 92
725 169
726 466
726 478
726 1623
726 960
727 299
727 462
729 139
729 1255
729 1108
729 556
730 705
730 207
730 1444
730 1762
730 482
730 1233
730 1023
730 29
730 22
730 1340
731 1309
731 1769
731 700
731 294
731 1109
731 724
731 1272
731 516
731 854
731 985
732 72
732 421
732 1324
732 318
732 797
732 279
733 323
733 964
733 777
733 480
733 756
733 1048
734 1661
734 1363
734 436
734 410
735 1487
735 965
735 1780
735 305
735 1496
735 1213
735 1156
735 1736
735 1713
736 1663
736 587
736 91
736 513
736 965
736 1239
737 1155
737 425
737 1286
737 1414
738 24
738 1534
738 1690
738 98
739 1354
739 1508
739 1716
739 25
740 311
740 1206
740 1049
740 1699
740 589
740 1013
741 1144
741 178
742 1656
742 1215
742 1155
742 1255
742 1334
742 853
742 1423
742 991
742 566
742 1246
743 121
743 1723
743 683
743 1271
743 799
743 1259
743 354
743 1475
744 795
744 146
744 1335
744 874
744 1588
744 801
744 1078
744 138
744 1711
744 1670
745 859
745 1745
745 1303
745 1120
746 1084
746 1455
746 1113
746 734
746 1749
746 972
746 1227
746 1223
746 289
747 853
747 1798
747 1545
747 292
748 503
748 690
748 898
748 1078
748 945
748 968
749 1431
749 308
749 1085
749 607
749 1001
749 400
749 74
749 1231
749 1269
749 752
750 785
750 895
750 98
750 1341
750 1122
750 1543
750 1025
750 710
750 1435
750 11
751 893
751 1333
751 1282
751 1770
751 1553
751 838
751 953
751 1207
751 1761
752 1708
752 1242
752 816
752 1619
752 1431
752 1740
752 8
752 1189
753 1283
753 1125
753 1341
753 1382
753 663
753 164
754 1604
754 1602
755 1132
755 792
755 53
755 306
755 894
755 1380
755 1009
755 1131
756 1322
756 394
756 45
756 799
756 755
756 221
757 177
757 1075
757 1086
757 165
757 1616
757 728
757 226
757 989
758 600
758 796
758 800
758 1103
759 1027
759 1026
759 301
759 329
760 1716
760 1459
760 1753
760 503
760 1263
760 290
760 181
760 1387
761 404
761 878
761 43
761 698
761 513
761 1649
761 586
761 982
762 509
762 724
763 277
763 343
763 1768
763 556
764 444
764 594
764 1177
764 1011
764 1424
764 1789
764 509
764 1255
765 1177
765 341
765 1737
765 778
766 1271
766 1566
766 275
766 18
766 703
766 470
767 836
767 1025
767 586
767 542
767 208
767 1123
767 5
767 1260
767 161
768 1409
768 694
768 1233
768 690
769 1669
769 621
769 1454
769 454
770 1009
770 1282
770 220
770 656
771 1
771 265
771 1011
771 662
772 529
772 107
772 983
772 1255
772 827
772 121
772 35
772 186
773 452
773 1533
773 151
773 81
774 1092
774 302
774 1614
774 1620
775 811
775 1450
775 689
775 1667
775 181
775 1048
776 248
776 984
776 358
776 1271
777 1639
777 388
777 142
777 1115
778 127
778 483
778 947
778 1507
779 1589
779 1320
779 830
779 1327
779 1184
779 1468
779 1679
779 101
779 650
780 400
780 669
780 1178
780 992
780 1525
780 39
780 1088
780 1259
781 123
781 1395
781 536
781 109
781 1126
781 1323
781 594
781 1261
782 1791
782 786
782 596
782 582
782 105
782 1606
782 554
782 1413
783 1742
783 1495
783 86
783 80
783 1578
783 1778
783 952
783 1395
784 709
784 832
784 1208
784 1628
784 213
784 485
784 49
784 885
786 1327
786 1248
787 943
787 675
787 690
787 852
787 909
787 209
787 250
787 509
788 532
788 1378
789 4
789 846
789 311
789 1169
789 1358
789 1403
789 962
789 1234
790 1461
790 1056
791 801
791 1616
791 533
791 471
792 1382
792 1732
792 1769
792 585
793 1422
793 1526
794 1644
794 1660
794 651
794 1683
794 64
794 402
794 1162
794 1144
795 862
795 4
795 1108
795 1328
795 1196
795 1248
795 606
795 689
795 624
795 1755
796 381
796 899
796 1067
796 207
796 564
796 981
797 1166
797 1524
797 1360
797 637
797 1048
797 1107
797 1223
797 1055
798 547
798 169
798 1576
798 1303
798 436
798 1147
798 1090
798 17
798 1629
799 1603
799 602
799 351
799 252
799 276
799 1750
800 718
800 1386
800 1463
800 1128
801 658
801 639
801 479
801 1693
801 425
801 440
802 89
802 584
802 859
802 379
803 1032
803 423
803 1430
803 1678
804 281
804 902
804 1084
804 1762
804 1264
804 1679
804 820
804 1015
805 1723
805 1361
806 1303
806 504
806 1320
806 465
806 1678
806 453
806 1672
806 1035
806 1385
807 383
807 839
807 898
807 431
808 426
808 598
808 1055
808 1380
808 1108
808 1400
809 576
809 957
809 523
809 1636
809 1761
809 369
809 1412
809 1487
809 1342
809 1523
810 826
810 1097
810 1709
810 1507
810 699
810 236
811 1514
811 916
811 1617
811 1036
811 251
811 856
812 542
812 292
812 1715
812 695
812 686
812 1506
812 1038
812 153
812 1264
812 570
813 1018
813 510
813 1658
813 1159
813 664
813 53
814 1531
814 559
816 1519
816 793
816 906
816 1468
816 1323
816 12
817 534
817 1263
818 1218
818 1731
818 758
818 1676
819 288
819 1564
820 601
820 217
820 702
820 1340
820 881
820 958
821 41
821 1708
822 1456
822 1736
822 305
822 505
823 1337
823 1325
823 1058
823 513
823 1400
823 208
823 1088
823 190
824 118
824 338
824 6
824 945
824 9
824 203
825 160
825 1764
825 996
825 1261
825 362
825 1309
825 1124
825 1508
826 1672
826 1736
826 1313
826 111
827 9
827 629
827 150
827 253
828 1358
828 1343
828 1504
828 92
828 1330
828 1466
829 1663
829 968
830 1675
830 1590
830 1259
830 427
831 626
831 470
831 1545
831 513
831 1441
831 1623
831 154
831 1333
832 230
832 1392
832 1261
832 1207
832 1138
832 112
832 799
832 1253
832 98
832 972
833 481
833 1610
833 626
833 270
833 21
833 143
833 1567
833 499
834 877
834 1268
835 1335
835 1414
835 1226
835 1037
835 915
835 932
835 1283
835 304
836 534
836 141
836 1415
836 594
836 1678
836 1035
836 529
836 26
837 485
837 1633
838 1592
838 1690
838 1201
838 161
838 1147
838 436
838 122
838 1275
838 1352
839 744
839 314
839 576
839 1517
840 106
840 904
841 1350
841 608
841 1116
841 937
841 882
841 1565
841 686
841 826
842 1622
842 1131
842 562
842 143
842 508
842 367
843 1190
843 1701
843 952
843 780
843 1768
843 686
844 1099
844 1280
844 167
844 1084
844 615
844 1698
844 1320
844 622
844 1672
844 698
845 630
845 1565
845 863
845 1243
845 1426
845 1390
845 552
845 1691
846 471
846 1034
846 300
846 1454
846 491
846 670
846 155
846 440
846 1367
846 1206
847 1421
847 183
847 451
847 1513
847 1114
847 824
848 10
848 999
848 677
848 83
849 1566
849 1757
849 390
849 179
849 1755
849 1736
850 764
850 1651
850 599
850 415
851 378
851 1482
851 558
851 845
851 854
851 163
851 415
851 1543
851 896
852 694
852 493
852 703
852 168
852 577
852 1438
852 899
852 1596
853 807
853 178
853 563
853 767
853 858
853 1043
854 41
854 548
854 1155
854 726
854 1051
854 1235
854 410
854 952
854 876
855 1671
855 989
855 771
855 1528
855 224
855 717
856 1780
856 350
857 457
857 942
857 1667
857 1622
857 1721
857 1690
858 134
858 1658
858 1271
858 1230
858 993
858 819
858 1772
858 412
858 1571
858 27
859 36
859 541
859 369
859 1297
859 1375
859 1392
860 1763
860 1386
860 1320
860 1393
861 135
861 439
861 1311
861 1688
861 22
861 429
861 716
861 687
861 372
862 1500
862 1725
862 135
862 1103
863 115
863 538
863 523
863 687
863 1263
863 724
863 1609
863 943
864 288
864 693
865 308
865 128
865 1354
865 1409
865 536
865 125
866 596
866 357
866 493
866 816
866 788
866 137
866 1552
866 1459
866 1477
866 1745
867 313
867 1694
867 7
867 848
867 945
867 1065
868 781
868 1540
868 1296
868 1476
868 485
868 1099
868 1610
868 1174
868 1004
869 922
869 1463
869 674
869 1423
869 1415
869 10
869 1767
869 1104
869 534
869 872
870 749
870 1004
870 92
870 938
870 25
870 528
870 652
870 984
870 556
871 1131
871 102
871 356
871 1143
871 198
871 1520
871 727
871 325
872 1178
872 290
872 1203
872 656
872 1210
872 505
873 1549
873 885
873 437
873 1481
873 1535
873 1699
873 570
873 1045
875 1514
875 518
875 235
875 161
875 1076
875 120
875 893
875 1541
875 337
875 1444
876 662
876 491
876 599
876 366
877 1260
877 193
877 1644
877 1344
877 567
877 1799
877 1218
879 21
879 388
880 920
880 428
880 1190
880 1066
880 391
880 744
880 306
880 373
880 1674
880 609
881 747
881 1134
881 1693
881 1210
881 566
881 1624
881 1638
881 264
882 445
882 202
882 948
882 949
882 149
882 1620
882 199
882 1337
882 672
883 59
883 928
884 124
884 510
884 1517
884 1765
884 1107
884 1052
884 637
884 408
884 1760
885 1642
885 373
886 603
886 84
886 167
886 1391
887 1487
887 1649
888 787
888 231
888 1184
888 688
888 637
888 703
888 1066
888 201
889 1719
889 277
889 468
889 4
889 894
889 779
890 516
890 1049
891 1270
891 1519
891 395
891 1166
891 927
891 1276
892 885
892 1664
892 1639
892 963
893 70
893 620
893 476
893 877
894 223
894 1434
895 167
895 236
895 1796
895 716
895 6
895 1007
896 1257
896 381
896 687
896 1481
897 1596
897 659
897 1424
897 232
897 1112
897 989
898 440
898 374
898 361
898 845
898 800
898 1014
899 1553
899 717
899 1032
899 241
899 1705
899 1160
899 962
899 1098
899 270
900 1685
900 1736
900 1404
900 1460
900 1790
900 628
900 1413
900 1529
900 97
900 479
901 1537
901 1094
901 118
901 974
901 758
901 1252
902 966
902 1141
902 193
902 733
902 154
902 387
902 141
902 55
902 677
903 1203
903 1598
903 1567
903 505
904 755
904 232
904 31
904 1630
905 97
905 1122
905 423
905 481
905 1549
905 1644
905 1392
905 107
906 802
906 989
906 897
906 1481
906 1035
906 925
907 949
907 1359
907 507
907 120
908 1457
908 1226
909 1055
909 895
909 789
909 463
909 1783
909 949
909 1560
909 1431
909 425
910 967
910 1042
910 402
910 1346
910 871
910 748
911 1147
911 223
911 1011
911 1050
911 474
911 902
911 378
911 1095
912 468
912 1747
913 1481
913 1692
913 1635
913 845
913 359
913 1284
914 820
914 758
914 418
914 1070
914 138
914 1370
914 1081
914 1728
915 1723
915 1070
915 1655
915 999
916 1237
916 1284
916 119
916 93
917 226
917 700
917 198
917 713
918 993
918 217
918 97
918 1345
918 749
918 1783
918 1433
918 1084
919 1055
919 1086
919 803
919 577
919 705
919 371
919 567
919 1095
919 283
920 1663
920 966
920 1099
920 1206
921 1057
921 840
921 1746
921 697
922 90
922 1723
922 1117
922 532
922 1024
922 408
922 1430
922 1643
924 537
924 889
924 285
924 1556
924 1016
924 50
926 494
926 1061
926 967
926 260
927 1254
927 536
927 982
927 476
928 1545
928 1302
929 742
929 1018
929 224
929 333
929 1737
929 355
929 1247
929 451
930 887
930 622
930 1638
930 681
930 181
930 1552
930 165
930 1445
930 720
931 1464
931 231
932 1394
932 1284
932 657
932 1
932 383
932 1675
932 1251
932 265
934 974
934 1077
934 1011
934 1545
934 783
934 819
934 308
934 897
934 263
934 981
935 331
935 621
935 1265
935 57
935 1533
935 1261
935 822
935 1126
935 1609
936 992
936 228
937 1709
937 366
937 1609
937 1612
937 1326
937 1381
937 1626
937 1399
937 1517
938 854
938 203
939 1705
939 1070
939 200
939 903
939 1426
939 1206
939 681
939 830
940 1102
940 100
940 891
940 1177
941 1082
941 156
942 1131
942 587
942 77
942 1761
942 1758
942 1411
943 568
943 589
943 485
943 1379
943 1393
943 925
944 357
944 35
944 1086
944 636
944 738
944 587
944 704
944 514
944 473
944 617
946 1660
946 1028
946 246
946 1535
946 150
946 1250
947 1168
947 1728
947 199
947 808
947 598
947 1629
947 1597
947 1494
947 587
948 576
948 452
949 1711
949 762
949 471
949 1723
949 1421
949 882
950 322
950 1175
950 1143
950 1148
950 848
950 1199
950 1015
950 1676
951 831
951 1470
951 879
951 1282
952 968
952 349
952 151
952 1081
952 1318
952 1716
953 68
953 1203
953 190
953 1767
953 1638
953 722
953 1598
953 1443
953 646
954 1482
954 1562
955 250
955 213
955 943
955 1367
955 1748
955 452
956 1572
956 1229
956 173
956 835
956 1386
956 4
957 55
957 1780
958 1482
958 951
959 880
959 1638
959 804
959 1445
960 6
960 1195
960 1656
960 179
961 1660
961 378
961 1523
961 423
961 1425
961 1073
961 168
961 134
961 376
961 320
962 1298
962 967
963 818
963 21
963 680
963 16
963 1195
963 446
964 916
964 1340
964 182
964 210
964 398
964 643
965 2
965 480
965 1745
965 520
965 1721
965 407
965 583
965 1126
966 1611
966 493
966 859
966 814
967 1318
967 1433
967 256
967 393
967 1666
967 303
968 1609
968 1037
968 13
968 365
968 712
968 1183
968 291
968 165
969 19
969 382
969 795
969 1437
970 18
970 907
970 678
970 146
970 1087
970 1583
971 250
971 456
971 1067
971 696
972 1217
972 1397
972 538
972 1747
972 406
972 853
972 1246
972 1031
973 1436
973 995
974 1051
974 1748
974 1582
974 571
974 244
974 491
975 1262
975 58
975 1658
975 471
975 602
975 1577
975 641
975 298
975 1099
976 565
976 183
976 1760
976 1588
977 1111
977 656
977 51
977 1251
977 349
977 974
977 1053
977 235
978 1538
978 632
978 1045
978 662
979 801
979 0
980 1719
980 28
980 524
980 1045
980 617
980 972
981 364
981 513
981 1411
981 886
981 407
981 717
981 518
981 1434
982 1037
982 1690
982 1543
982 263
982 1018
982 873
982 612
982 599
982 866
982 560
983 1078
983 111
983 1523
983 328
983 586
983 543
983 1514
983 130
984 221
984 454
984 14
984 523
984 250
984 1162
984 1733
984 1240
984 1084
984 1768
985 425
985 459
985 582
985 429
985 1207
985 1126
985 935
985 853
986 539
986 1284
987 1536
987 1525
988 1696
988 68
988 1399
988 197
988 795
988 570
988 1480
988 1185
988 1634
988 1691
989 1750
989 424
989 1439
989 811
989 618
989 1108
989 944
989 604
990 67
990 1038
990 786
990 395
990 943
990 367
991 798
991 1197
991 767
991 269
991 1396
991 693
992 484
992 103
992 564
992 334
992 7
992 902
993 894
993 1144
993 346
993 196
993 1336
993 1016
994 503
994 124
995 936
995 639
996 373
996 193
996 825
996 1304
996 572
996 1452
998 648
998 676
998 734
998 835
998 445
998 302
999 618
999 878
999 1519
999 1129
999 396
999 830
1001 568
1001 992
1001 1722
1001 122
1002 1285
1002 1733
1003 749
1003 1266
1003 416
1003 608
1004 1795
1004 274
1004 406
1004 684
1004 29
1004 1709
1004 1257
1004 1794
1005 857
1005 542
1005 968
1005 253
1005 642
1005 124
1005 1025
1005 1335
1006 773
1006 1378
1007 947
1007 1584
1007 1083
1007 91
1007 1377
1007 17
1008 1548
1008 1728
1008 1632
1008 800
1008 92
1008 1465
1009 118
1009 1419
1009 1645
1009 1538
1010 712
1010 887
1010 833
1011 1411
1011 923
1011 841
1011 670
1011 1387
1011 663
1012 763
1012 1453
1012 1726
1012 370
1013 67
1013 860
1013 612
1013 1359
1013 2
1013 903
1014 1604
1014 316
1014 1781
1014 468
1015 1465
1015 1468
1017 1190
1017 1390
1017 178
1017 42
1017 340
1017 349
1018 434
1018 407
1018 1164
1018 96
1018 1237
1018 1363
1018 861
1018 1259
1019 333
1019 1470
1019 192
1019 1693
1019 358
1019 77
1019 100
1019 912
1020 1050
1020 838
1020 1263
1020 159
1020 1320
1020 486
1021 1368
1021 3
1021 346
1021 343
1021 1364
1021 927
1022 985
1022 620
1022 1275
1022 182
1022 1350
1022 1233
1022 1602
1022 1015
1022 1250
1022 223
1023 250
1023 1721
1023 486
1023 1085
1023 1031
1023 1646
1023 1448
1023 488
1024 1101
1024 1778
1024 1170
1024 830
1024 980
1024 1194
1024 917
1024 1118
1025 687
1025 462
1025 278
1025 1520
1025 498
1025 600
1025 942
1025 1602
1025 1202
1026 963
1026 26
1027 908
1027 68
1027 170
1027 1167
1027 1512
1027 837
1027 414
1027 311
1028 1211
1028 230
1028 709
1028 1776
1029 1159
1029 1049
1029 61
1029 821
1029 366
1029 120
1029 408
1029 1248
1030 1105
1030 285
1030 1793
1030 1
1030 1441
1030 156
1030 1760
1030 999
1030 1344
1031 1328
1031 629
1031 96
1031 781
1032 558
1032 921
1032 1453
1032 549
1032 843
1032 159
1032 425
1032 1381
1033 1343
1033 1297
1034 1102
1034 346
1034 208
1034 686
1035 501
1035 220
1035 1661
1035 552
1035 1359
1035 1562
1035 151
1035 692
1036 1715
1036 1380
1037 306
1037 1688
1039 1355
1039 1473
1039 432
1039 128
1039 330
1039 886
1040 658
1040 999
1040 1600
1040 1587
1040 400
1040 1217
1041 520
1041 663
1041 901
1041 1365
1041 386
1041 174
1041 462
1041 1396
1042 494
1042 1789
1042 1201
1042 501
1043 1452
1043 1770
1043 1626
1043 1342
1043 813
1043 381
1044 769
1044 1329
1044 160
1044 1340
1044 853
1044 1722
1044 387
1044 858
1044 398
1044 18
1045 1507
1045 614
1045 73
1045 516
1046 374
1046 1648
1046 1314
1046 1346
1047 1381
1047 1094
1047 1556
1047 101
1048 1549
1048 363
1048 647
1048 134
1048 745
1048 838
1048 998
1048 1360
1049 595
1049 624
1050 1619
1050 1015
1050 1318
1050 1048
1050 641
1050 1060
1050 1019
1050 1795
1051 1078
1051 1321
1051 694
1051 1342
1051 1177
1051 1669
1052 313
1052 1670
1052 179
1052 298
1052 1560
1052 366
1053 0
1053 474
1053 15
1053 1659
1053 1746
1053 568
1053 950
1053 451
1053 519
1054 1268
1054 1324
1054 135
1054 1773
1054 568
1054 127
1055 1200
1055 1356
1056 1194
1056 468
1057 1380
1057 248
1057 1737
1057 1070
1057 1333
1057 1683
1058 79
1058 452
1058 457
1058 136
1058 7
1058 1647
1058 1281
1058 583
1058 1328
1059 938
1059 36
1059 756
1059 1688
1059 1223
1059 709
1059 619
1059 761
1060 355
1060 953
1060 735
1060 1596
1061 984
1061 637
1061 44
1061 1230
1061 1547
1061 19
1061 960
1061 1709
1061 1228
1061 1249
1063 1520
1063 577
1063 604
1063 565
1063 1677
1063 1696
1063 233
1063 221
1064 341
1064 1040
1064 109
1064 1629
1065 1294
1065 1032
1065 1728
1065 843
1065 503
1065 160
1066 127
1066 1184
1067 270
1067 694
1067 1285
1067 1035
1067 857
1067 523
1068 636
1068 719
1069 807
1069 792
1069 42
1069 217
1069 1579
1069 510
1070 632
1070 211
1070 1312
1070 851
1070 620
1070 1248
1070 1028
1070 1164
1070 436
1070 155
1071 499
1071 1128
1071 1751
1071 894
1071 246
1071 325
1072 1202
1072 47
1072 1713
1072 316
1073 1163
1073 892
1074 139
1074 1175
1074 820
1074 466
1074 500
1074 1659
1074 433
1074 848
1075 1110
1075 1133
1075 1355
1075 1368
1075 751
1075 596
1075 411
1075 103
1076 910
1076 751
1076 681
1076 1119
1076 1366
1076 59
1077 790
1077 1034
1078 1345
1078 331
1078 410
1078 1457
1078 193
1078 1601
1078 752
1079 493
1079 1751
1079 1314
1079 1067
1080 1148
1080 352
1080 1711
1080 960
1080 1787
1080 1619
1080 120
1080 1242
1081 339
1081 5
1082 589
1082 228
1082 1711
1082 963
1082 1319
1082 239
1082 562
1082 484
1082 898
1083 1508
1083 1672
1083 1110
1083 1138
1083 444
1083 332
1084 1505
1084 473
1085 1779
1085 153
1085 1626
1085 447
1086 1018
1086 1265
1087 1659
1087 917
1087 656
1087 411
1087 1354
1087 1305
1087 59
1087 142
1087 1
1088 232
1088 1209
1089 1390
1089 1268
1089 957
1089 1333
1089 1508
1089 496
1090 1513
1090 1755
1090 1526
1090 1051
1091 1500
1091 1692
1091 1033
1091 1469
1091 426
1091 1412
1092 720
1092 1505
1092 1733
1092 221
1093 924
1093 1154
1093 1267
1093 1362
1093 1023
1093 516
1093 1027
1093 929
1093 55
1094 1066
1094 1729
1094 417
1094 531
1094 396
1094 343
1094 319
1094 228
1095 943
1095 354
1095 61
1095 1037
1095 1054
1095 898
1095 261
1095 504
1095 1257
1096 1073
1096 607
1096 872
1096 1229
1097 806
1097 388
1097 1284
1097 1149
1097 224
1097 1340
1098 852
1098 454
1098 1009
1098 223
1099 1387
1099 1708
1100 916
1100 555
1100 1761
1100 913
1100 380
1100 515
1101 1760
1101 1296
1102 596
1102 1623
1102 1434
1102 998
1102 1503
1102 1353
1102 268
1102 99
1102 1123
1102 1118
1103 354
1103 1491
1103 444
1103 518
1103 266
1103 1474
1103 1147
1103 1512
1103 605
1103 1468
1104 1383
1104 1571
1104 844
1104 479
1104 94
1104 1435
1105 72
1105 1654
1105 1623
1105 159
1105 211
1105 1245
1105 1253
1105 1720
1106 860
1106 1794
1107 100
1107 1062
1108 554
1108 1386
1108 1799
1108 104
1109 224
1109 611
1109 681
1109 1568
1109 591
1109 1564
1110 270
1110 482
1110 137
1110 849
1110 203
1110 1488
1111 126
1111 2
1112 71
1112 702
1112 1396
1112 1745
1112 326
1112 1572
1112 545
1112 1313
1113 1786
1113 810
1114 780
1114 675
1114 1121
1114 828
1114 149
1114 406
1115 390
1115 1625
1115 106
1115 606
1115 1096
1115 210
1116 829
1116 1253
1117 999
1117 1605
1117 1489
1117 1730
1118 1600
1118 1043
1118 1068
1118 993
1118 1291
1118 810
1118 1416
1118 725
1119 1504
1119 1021
1119 982
1119 278
1121 1278
1121 1654
1121 672
1121 852
1121 458
1121 581
1121 224
1121 900
1123 32
1123 778
1123 710
1123 1025
1124 856
1124 1477
1124 675
1124 826
1124 1623
1124 653
1124 1354
1124 1104
1124 1731
1125 64
1125 870
1126 95
1126 1068
1126 1626
1126 1647
1126 867
1126 724
1126 1045
1126 474
1126 639
1127 1543
1127 992
1127 951
1127 202
1127 1782
1127 1736
1127 1318
1127 821
1128 1690
1128 726
1128 327
1128 991
1128 1754
1128 389
1128 260
1128 1531
1129 352
1129 107
1129 1149
1129 1280
1129 562
1129 763
1130 747
1130 1510
1130 254
1130 957
1130 1170
1130 1553
1130 166
1130 415
1130 914
1130 1663
1131 1287
1131 1366
1131 495
1131 375
1132 346
1132 1471
1132 1767
1132 1689
1132 959
1132 986
1132 546
1132 687
1133 1040
1133 1715
1133 811
1133 219
1134 773
1134 1737
1134 1132
1134 1051
1134 350
1134 1769
1134 775
1134 39
1134 20
1135 1070
1135 1694
1135 1672
1135 888
1135 1721
1135 1733
1136 1435
1136 1446
1136 449
1136 859
1136 1276
1136 1774
1137 98
1137 732
1137 27
1137 1282
1137 1247
1137 1765
1138 1137
1138 372
1139 1298
1139 50
1139 166
1139 736
1139 512
1139 1468
1140 462
1140 1606
1140 344
1140 899
1140 1146
1140 842
1140 1187
1140 399
1140 1123
1140 542
1141 1761
1141 521
1141 429
1141 140
1141 800
1141 682
1142 927
1142 1299
1143 364
1143 1568
1143 1447
1143 332
1143 444
1143 917
1144 1171
1144 1343
1144 899
1144 234
1144 1586
1144 319
1145 206
1145 1622
1145 15
1145 1150
1146 777
1146 1022
1146 1637
1146 584
1146 1297
1146 1638
1148 513
1148 106
1148 225
1148 1704
1148 847
1148 997
1148 88
1148 431
1148 1023
1148 1052
1149 1461
1149 681
1150 515
1150 1637
1151 726
1151 993
1151 1590
1151 1159
1151 1531
1151 1175
1152 1329
1152 1399
1152 733
1153 1182
1153 1588
1153 1456
1153 131
1154 125
1154 11
1154 421
1154 1152
1154 80
1154 1410
1155 1042
1155 1340
1155 1033
1155 733
1155 28
1155 570
1155 349
1155 1338
1156 1316
1156 757
1156 1025
1156 321
1156 423
1156 1444
1157 659
1157 1746
1157 1113
1157 1483
1157 1571
1157 65
1157 1378
1157 844
1157 943
1157 214
1158 1751
1158 99
1158 1019
1158 78
1158 607
1158 623
1159 558
1159 1795
1159 496
1159 564
1159 266
1159 382
1160 343
1160 870
1160 45
1160 1526
1160 1694
1160 21
1161 755
1161 989
1161 1592
1161 836
1161 815
1161 51
1161 1403
1161 126
1161 517
1162 1097
1162 810
1162 1555
1162 470
1162 53
1162 943
1162 1285
1162 819
1162 829
1163 618
1163 1350
1163 1654
1163 348
1163 453
1163 677
1163 1247
1163 1467
1164 828
1164 870
1164 174
1164 1461
1164 1630
1164 1108
1164 1744
1164 226
1165 646
1165 221
1165 1417
1165 652
1166 60
1166 800
1166 168
1166 751
1166 1280
1166 1132
1166 1777
1166 384
1166 1039
1166 591
1167 1608
1167 51
1167 1053
1167 1754
1167 319
1167 1129
1168 1574
1168 455
1168 284
1168 1060
1169 75
1169 1478
1169 483
1169 1149
1169 1397
1169 1142
1169 1015
1169 259
1169 39
1169 542
1170 459
1170 779
1170 1611
1170 1357
1170 1522
1170 447
1170 1410
1170 711
1171 648
1171 1538
1171 1528
1171 371
1171 1140
1171 658
1172 927
1172 1508
1172 1633
1172 1092
1172 597
1172 1260
1173 1373
1173 838
1173 51
1173 140
1173 634
1173 1296
1173 796
1173 11
1173 1083
1173 1505
1174 554
1174 1536
1174 381
1174 215
1174 302
1174 1187
1174 1307
1174 110
1175 948
1175 594
1175 1733
1175 915
1176 1344
1176 736
1177 615
1177 808
1177 1401
1177 470
1177 1719
1177 1399
1178 1093
1178 953
1178 1496
1178 738
1178 1392
1178 318
1178 1387
1178 1379
1179 1380
1179 391
1179 358
1179 420
1179 839
1179 327
1179 1378
1179 805
1179 1792
1180 1203
1180 88
1180 755
1180 1548
1180 1057
1180 1689
1180 1517
1180 1376
1180 432
1180 1701
1181 1521
1181 1286
1181 1314
1181 149
1182 1695
1182 942
1182 1499
1182 364
1182 977
1182 262
1182 319
1182 1696
1183 669
1183 818
1183 551
1183 768
1183 1375
1183 484
1183 1251
1183 1550
1185 928
1185 1691
1185 1413
1185 408
1185 431
1185 1348
1185 903
1185 131
1186 877
1186 182
1186 430
1186 71
1186 38
1186 1592
1186 1721
1186 1577
1186 1335
1187 551
1187 1291
1187 637
1187 110
1188 571
1188 516
1188 1113
1188 332
1188 206
1188 786
1188 1266
1188 1161
1188 310
1189 1605
1189 1435
1189 1761
1189 135
1189 324
1189 888
1189 1424
1189 615
1190 637
1190 837
1190 330
1190 1509
1190 1197
1190 377
1190 1253
1190 70
1190 1245
1191 612
1191 1149
1191 215
1191 1185
1192 1228
1192 1303
1192 1390
1192 516
1194 577
1194 699
1194 412
1194 935
1194 626
1194 476
1194 531
1194 748
1195 911
1195 995
1196 1668
1196 529
1196 96
1196 1684
1197 1539
1197 1533
1197 588
1197 1344
1197 98
1197 1350
1198 352
1198 16
1198 163
1198 699
1199 374
1199 1242
1199 649
1199 1420
1200 17
1200 1060
1201 759
1201 952
1201 942
1201 1370
1201 452
1201 1023
1202 226
1202 1782
1202 896
1202 367
1202 476
1202 572
1202 1226
1202 1415
1203 1664
1203 253
1203 989
1203 93
1203 695
1203 1268
1203 1745
1203 509
1203 1505
1203 1612
1204 326
1204 375
1204 249
1204 1388
1204 668
1204 335
1205 1397
1205 1678
1205 755
1205 419
1206 1091
1206 1705
1206 1719
1206 1201
1206 141
1206 1170
1207 1539
1207 1251
1208 321
1208 893
1208 979
1208 1462
1209 885
1209 54
1210 1478
1210 1567
1210 1025
1210 1710
1210 1003
1210 279
1211 773
1211 202
1211 5
1211 1568
1211 66
1211 199
1211 909
1211 1721
1212 1766
1212 1120
1212 1574
1212 1184
1213 1287
1213 39
1213 1423
1213 649
1214 413
1214 941
1214 632
1214 1055
1214 873
1214 555
1215 1377
1215 1213
1215 328
1215 1325
1216 861
1216 570
1216 1789
1216 847
1217 403
1217 1625
1217 1719
1217 1636
1217 1108
1217 689
1218 1683
1218 1121
1219 266
1219 1346
1219 1566
1219 158
1219 642
1219 411
1219 1340
1219 1223
1219 1768
1219 426
1220 760
1220 484
1220 1307
1220 1105
1221 764
1221 685
1221 1105
1221 1660
1222 404
1222 450
1222 1284
1222 527
1223 765
1223 221
1223 1151
1223 1296
1223 1406
1223 60
1223 934
1223 1159
1224 434
1224 902
1225 313
1225 1107
1225 678
1225 338
1226 1103
1226 1032
1226 19
1226 230
1226 1267
1226 917
1226 962
1226 916
1227 929
1227 866
1227 1444
1227 518
1227 1415
1227 1139
1228 389
1228 1318
1228 1058
1228 839
1228 1561
1228 1600
1229 859
1229 87
1229 720
1229 1184
1229 224
1229 1466
1230 1701
1230 816
1230 1426
1230 890
1230 1680
1230 1110
1230 1685
1230 928
1230 1204
1230 380
1231 575
1231 1346
1231 1507
1231 947
1231 28
1231 676
1232 13
1232 365
1232 263
1232 1470
1232 22
1232 812
1233 167
1233 245
1234 275
1234 1315
1234 77
1234 439
1235 1491
1235 668
1235 1209
1235 1351
1235 178
1235 1722
1235 555
1235 41
1236 1572
1236 249
1236 1093
1236 154
1236 540
1236 1014
1237 1177
1237 1592
1237 58
1237 366
1237 1196
1237 624
1238 208
1238 829
1238 22
1238 854
1239 1692
1239 1632
1239 260
1239 1329
1239 11
1239 1441
1240 47
1240 1010
1241 654
1241 97
1241 213
1241 1154
1242 26
1242 1621
1242 363
1242 273
1243 634
1243 986
1243 1066
1243 508
1243 1626
1243 1718
1244 566
1244 789
1244 611
1244 47
1244 931
1244 635
1244 373
1244 1091
1244 1733
1245 1568
1245 1228
1245 710
1245 1440
1245 300
1245 919
1246 1022
1246 635
1246 1060
1246 156
1246 1606
1246 928
1246 480
1246 1176
1246 422
1246 1796
1247 1366
1247 101
1247 1231
1247 445
1248 1274
1248 630
1248 1588
1248 745
1248 1654
1248 182
1248 895
1248 902
1248 287
1249 1158
1249 262
1249 1458
1249 241
1249 1421
1249 492
1249 719
1249 722
1249 196
1249 76
1250 1303
1250 663
1250 827
1250 1407
1250 561
1250 1204
1250 1121
1250 531
1250 49
1250 317
1251 1222
1251 782
1251 306
1251 227
1251 572
1251 452
1252 382
1252 726
1252 683
1252 1271
1252 1509
1252 615
1252 565
1252 1302
1253 1116
1253 83
1253 624
1253 1701
1253 1659
1253 981
1254 601
1254 830
1254 113
1254 1365
1255 11
1255 922
1255 130
1255 1750
1255 1072
1255 172
1255 37
1255 1472
1255 1109
1256 259
1256 1750
1256 517
1256 620
1256 1707
1256 606
1256 320
1256 688
1257 1160
1257 1253
1257 965
1257 1799
1260 259
1260 1117
1260 851
1260 264
1260 1035
1260 1332
1260 1525
1260 548
1260 1766
1261 218
1261 295
1261 772
1261 970
1261 832
1261 925
1261 786
1261 29
1261 1571
1262 252
1262 136
1263 391
1263 1025
1263 583
1263 922
1264 287
1264 179
1264 629
1264 48
1264 1336
1264 1789
1264 1064
1264 13
1264 109
1265 1007
1265 487
1265 1422
1265 761
1265 533
1265 1360
1265 227
1265 1401
1266 1198
1266 293
1266 910
1266 1232
1266 235
1266 1244
1267 1524
1267 1494
1267 551
1267 1597
1269 1325
1269 1699
1269 370
1269 1163
1269 1074
1269 796
1269 1775
1269 1294
1270 845
1270 265
1270 1563
1270 1169
1270 1649
1270 321
1270 451
1270 92
1271 845
1271 498
1271 343
1271 1752
1272 1769
1272 892
1272 879
1272 1469
1272 685
1272 481
1273 706
1273 1106
1273 1018
1273 871
1273 1248
1273 6
1273 1350
1273 91
1273 1040
1273 581
1274 168
1274 1356
1274 757
1274 657
1274 406
1274 682
1274 1406
1274 346
1274 208
1275 21
1275 1240
1275 1700
1275 1603
1275 820
1275 1042
1276 682
1276 695
1277 41
1277 1390
1277 1713
1277 480
1277 1344
1278 833
1278 1022
1278 200
1278 937
1278 751
1278 499
1278 1553
1278 597
1279 138
1279 1629
1280 1586
1280 1603
1280 964
1280 1450
1280 992
1280 1003
1281 852
1281 233
1281 1456
1281 1766
1281 1249
1281 1167
1282 1461
1282 1266
1282 622
1282 1644
1282 66
1282 1668
1282 1750
1282 294
1283 1087
1283 439
1284 233
1284 170
1284 1031
1284 833
1285 1705
1285 639
1285 1079
1285 904
1285 890
1285 306
1286 839
1286 531
1286 463
1286 733
1287 1308
1287 100
1288 1001
1288 1286
1289 1241
1289 240
1289 1733
1289 550
1289 1771
1289 1721
1291 79
1291 559
1291 1036
1291 781
1291 395
1291 1268
1292 1430
1292 1610
1293 1487
1293 1724
1294 575
1294 542
1294 1733
1294 614
1294 94
1294 295
1294 930
1294 108
1294 1139
1294 524
1295 452
1295 1357
1295 1550
1295 330
1295 498
1295 591
1296 1012
1296 1058
1296 1083
1296 1138
1297 1372
1297 320
1297 724
1297 1512
1297 1742
1297 114
1297 1585
1297 540
1298 308
1298 1684
1298 1262
1298 914
1298 372
1298 293
1298 881
1298 1472
1300 320
1300 1057
1300 340
1300 590
1300 836
1300 386
1301 1215
1301 1736
1301 329
1301 965
1301 659
1301 1236
1302 231
1302 1228
1302 970
1302 1499
1302 713
1302 1244
1302 622
1302 931
1302 665
1302 558
1303 922
1303 598
1303 485
1303 1066
1303 729
1303 1478
1304 1383
1304 1549
1304 1197
1304 1450
1305 531
1305 269
1305 118
1305 1104
1305 1546
1305 240
1305 535
1305 1532
1306 158
1306 1237
1306 1451
1306 1623
1307 1379
1307 1224
1307 1625
1307 324
1308 53
1308 10
1308 1783
1308 863
1308 1086
1308 368
1311 1385
1311 940
1311 1775
1311 516
1311 492
1311 1121
1312 759
1312 935
1312 1078
1312 1453
1312 19
1312 910
1312 215
1312 534
1313 954
1313 1453
1313 659
1313 1781
1313 1018
1313 498
1313 248
1313 1089
1313 1104
1313 1516
1314 1195
1314 392
1314 1245
1314 499
1314 1565
1314 1356
1314 1424
1314 1629
1315 1441
1315 148
1315 1319
1315 1279
1316 1791
1316 865
1316 549
1316 269
1317 260
1317 1248
1317 1638
1317 581
1317 1298
1317 1153
1317 1564
1317 522
1317 1031
1317 1367
1318 605
1318 1733
1318 782
1318 1288
1318 1331
1318 1655
1318 755
1318 840
1319 738
1319 261
1319 61
1319 1406
1319 355
1319 382
1320 1669
1320 181
1321 97
1321 429
1321 42
1321 1150
1322 1496
1322 775
1323 117
1323 1543
1323 344
1323 1724
1323 496
1323 706
1324 1472
1324 1027
1324 828
1324 1129
1324 302
1324 1465
1324 660
1324 1507
1326 1322
1326 1
1326 1635
1326 183
1327 873
1327 569
1327 1388
1327 561
1327 1188
1327 514
1327 1626
1327 1218
1327 39
1328 231
1328 749
1328 1648
1328 1152
1328 57
1328 1419
1328 1047
1328 1379
1328 1578
1329 1472
1329 473
1329 183
1329 1131
1329 829
1329 251
1330 1658
1330 612
1331 1491
1331 1034
1331 622
1331 609
1331 1006
1332 1073
1332 338
1332 849
1332 231
1333 690
1333 713
1333 1226
1333 1460
1333 1294
1333 1792
1333 1590
1333 1438
1333 34
1334 832
1334 249
1335 1131
1335 639
1335 1462
1335 498
1335 128
1335 1262
1336 117
1336 430
1336 70
1336 1680
1336 800
1336 686
1337 1047
1337 1405
1337 652
1337 347
1337 1290
1337 390
1337 363
1337 1253
1338 1329
1338 1619
1338 441
1338 183
1339 547
1339 514
1339 1147
1339 885
1340 1304
1340 895
1342 1318
1342 1480
1342 1213
1342 1781
1343 1668
1343 237
1343 751
1343 465
1344 901
1344 836
1345 962
1345 126
1345 1720
1345 314
1345 1328
1345 581
1345 866
1345 1259
1345 874
1346 1563
1346 266
1346 108
1346 890
1346 822
1346 1509
1346 1013
1346 679
1346 1253
1346 838
1347 850
1347 935
1347 1322
1347 104
1348 342
1348 344
1348 830
1348 1285
1349 435
1349 1450
1349 1554
1349 439
1350 636
1350 1761
1351 1158
1351 434
1351 942
1351 207
1352 1021
1352 329
1352 257
1352 1510
1353 993
1353 1681
1353 7
1353 915
1353 1721
1353 694
1353 187
1353 481
1353 125
1355 1157
1355 360
1355 1381
1355 1762
1355 1715
1355 1148
1356 1098
1356 1237
1356 210
1356 408
1357 294
1357 856
1357 163
1357 1424
1357 83
1357 749
1357 527
1357 1027
1357 244
1358 1247
1358 1747
1358 872
1358 979
1358 655
1358 28
1359 1093
1359 1242
1359 1605
1359 1252
1359 771
1359 588
1359 275
1359 12
1359 234
1360 1385
1360 984
1360 64
1360 562
1360 259
1360 1185
1360 1537
1360 723
1360 686
1360 1799
1361 1397
1361 136
1361 752
1361 1201
1361 683
1361 635
1362 172
1362 1226
1362 1311
1362 149
1362 1051
1362 1391
1362 575
1362 36
1362 254
1363 1529
1363 1071
1363 655
1363 1330
1365 1022
1365 1640
1365 751
1365 1534
1365 58
1365 21
1365 1737
1365 1687
1365 1142
1365 1231
1366 66
1366 160
1366 707
1366 1204
1366 1303
1366 980
1366 1299
1366 1334
1366 1375
1367 991
1367 870
1367 768
1367 514
1367 1562
1367 1747
1368 597
1368 1791
1368 45
1368 112
1368 831
1368 886
1368 1787
1368 1630
1368 499
1368 847
1369 1346
1369 151
1369 1308
1369 1516
1369 1664
1369 592
1370 1003
1370 617
1372 1425
1372 1043
1372 1167
1372 989
1373 1503
1373 202
1373 614
1373 1734
1374 1564
1374 242
1374 1123
1374 359
1374 995
1374 1359
1374 1105
1374 403
1375 812
1375 772
1375 1133
1375 569
1375 480
1375 735
1375 436
1375 91
1375 370
1376 1144
1376 1084
1377 59
1377 1128
1377 1092
1377 1185
1377 1192
1377 74
1377 654
1377 679
1378 1574
1378 1360
1378 894
1378 649
1378 142
1378 677
1379 1642
1379 827
1379 837
1379 571
1380 1223
1380 1081
1380 151
1380 436
1380 1654
1380 917
1381 383
1381 848
1381 328
1381 729
1382 852
1382 416
1382 904
1382 1670
1382 598
1382 1767
1383 15
1383 1139
1383 1051
1383 29
1383 1378
1383 55
1383 1108
1383 734
1383 913
1384 1270
1384 304
1384 731
1384 1763
1385 1107
1385 1738
1385 551
1385 1242
1385 43
1385 703
1385 134
1385 569
1385 1046
1386 1111
1386 1512
1388 696
1388 556
1388 25
1388 796
1388 658
1388 1576
1388 319
1388 1140
1389 1439
1389 469
1389 288
1389 1415
1389 1489
1389 1218
1389 504
1389 1011
1389 896
1389 302
1390 270
1390 1177
1390 1670
1390 332
1390 1211
1390 1789
1390 991
1390 645
1391 1095
1391 710
1391 1264
1391 1487
1391 1769
1391 297
1392 1545
1392 1429
1392 1494
1392 1510
1392 633
1392 808
1392 17
1392 1068
1393 572
1393 923
1393 1414
1393 1615
1394 1291
1394 622
1394 163
1394 1430
1395 1568
1395 937
1395 1624
1395 556
1396 722
1396 485
1396 675
1396 182
1396 1414
1396 646
1396 455
1396 1470
1397 1564
1397 1515
1397 871
1397 1512
1397 468
1397 469
1398 1719
1398 1627
1398 1242
1398 782
1398 935
1398 207
1398 1514
1398 236
1398 108
1399 1033
1399 990
1399 72
1399 1475
1400 809
1400 1486
1400 978
1400 155
1401 66
1401 58
1401 254
1401 197
1401 1174
1401 1049
1402 1497
1402 1607
1402 1705
1402 399
1402 985
1402 509
1403 1740
1403 112
1403 103
1403 1671
1403 1087
1403 1134
1403 695
1403 1204
1404 1600
1404 1119
1406 1032
1406 353
1407 1019
1407 218
1407 31
1407 330
1407 1694
1407 469
1407 26
1407 799
1408 614
1408 612
1408 471
1408 1438
1408 1618
1408 1176
1409 883
1409 139
1409 604
1409 1717
1409 1551
1409 1542
1409 910
1409 1712
1410 428
1410 127
1411 1524
1411 1788
1411 685
1411 1624
1411 261
1411 655
1411 220
1411 917
1411 165
1412 1495
1412 844
1412 1338
1412 1574
1412 224
1412 565
1413 1187
1413 1442
1413 651
1413 1003
1413 101
1413 1169
1413 1366
1413 500
1414 1435
1414 1438
1414 848
1414 1418
1414 37
1414 1547
1414 1503
1414 430
1415 795
1415 923
1415 199
1415 125
1415 925
1415 293
1415 908
1415 559
1416 747
1416 1471
1417 484
1417 134
1417 345
1417 242
1417 931
1417 261
1417 858
1417 973
1418 1190
1418 816
1418 598
1418 1030
1418 1746
1418 199
1419 88
1419 388
1419 613
1419 947
1420 1436
1420 1603
1420 157
1420 689
1420 754
1420 1623
1420 403
1420 1573
1420 1016
1421 825
1421 142
1421 1690
1421 1043
1421 1766
1421 910
1421 1053
1421 150
1422 1145
1422 761
1422 140
1422 409
1422 1601
1422 1571
1423 1309
1423 11
1423 107
1423 103
1423 423
1423 1439
1423 1571
1423 1568
1424 1733
1424 1117
1424 1283
1424 1770
1424 761
1424 897
1424 1603
1424 294
1425 203
1425 752
1425 187
1425 1377
1425 293
1425 1781
1426 931
1426 781
1427 1229
1427 101
1427 245
1427 641
1429 85
1429 1604
1429 1156
1429 99
1429 1368
1429 654
1429 91
1429 921
1430 1018
1430 702
1431 653
1431 407
1431 936
1431 850
1431 925
1431 1012
1431 696
1431 1212
1431 812
1432 433
1432 1763
1433 1296
1433 288
1433 191
1433 920
1433 1292
1433 1661
1433 1328
1433 501
1434 887
1434 1441
1435 1485
1435 1792
1435 1437
1435 1119
1435 631
1435 401
1435 1014
1435 104
1435 809
1435 1106
1436 444
1436 1796
1436 347
1436 684
1436 264
1436 10
1436 1162
1436 1166
1437 818
1437 1672
1438 742
1438 1421
1438 1627
1438 1564
1438 1507
1438 1234
1439 893
1439 840
1439 1226
1439 948
1439 1136
1439 1405
1440 885
1440 1778
1440 1664
1440 1425
1440 1163
1440 284
1440 505
1440 125
1441 561
1441 724
1441 393
1441 137
1442 457
1442 531
1442 989
1442 713
1442 1744
1442 899
1442 937
1442 950
1443 666
1443 957
1443 1240
1443 1553
1443 1183
1443 509
1444 222
1444 515
1444 287
1444 181
1444 679
1444 1786
1445 1794
1445 772
1445 1525
1445 1207
1446 570
1446 1175
1446 233
1446 1630
1446 71
1446 62
1446 22
1446 1611
1447 1169
1447 229
1447 1461
1447 1467
1447 47
1447 856
1448 324
1448 1718
1449 941
1449 58
1450 567
1450 1143
1450 343
1450 60
1451 763
1451 126
1451 510
1451 350
1452 990
1452 745
1453 1036
1453 736
1453 1755
1453 1195
1453 1357
1453 1597
1453 1636
1453 1578
1453 1575
1453 59
1454 1718
1454 1055
1454 477
1454 1525
1455 1222
1455 450
1455 1305
1455 604
1455 791
1455 8
1455 183
1455 636
1455 919
1456 1571
1456 1713
1456 1208
1456 17
1456 863
1456 1789
1456 137
1456 134
1456 1631
1456 1249
1457 124
1457 253
1457 538
1457 589
1457 924
1457 1201
1457 40
1457 493
1457 10
1458 1114
1458 178
1458 524
1458 1615
1458 1136
1458 1789
1458 439
1458 725
1459 1110
1459 1185
1459 870
1459 607
1459 70
1459 1166
1460 1600
1460 930
1460 887
1460 637
1460 355
1460 1364
1460 1031
1460 618
1461 1563
1461 875
1462 935
1462 261
1462 1377
1462 1747
1463 1076
1463 788
1463 1016
1463 369
1463 592
1463 358
1463 951
1463 1541
1464 1519
1464 1026
1465 157
1465 325
1465 696
1465 1726
1465 821
1465 1364
1465 1124
1465 657
1466 530
1466 993
1466 1461
1466 252
1466 1244
1466 1799
1466 1061
1466 784
1466 1013
1466 891
1467 498
1467 954
1467 568
1467 383
1467 1197
1467 524
1468 836
1468 944
1469 1285
1469 438
1469 1474
1469 276
1470 983
1470 350
1470 1402
1470 1678
1470 447
1470 1375
1470 841
1470 1307
1471 918
1471 207
1471 697
1471 236
1471 1192
1471 1149
1472 463
1472 457
1473 912
1473 877
1473 331
1473 788
1473 890
1473 1312
1473 291
1473 607
1473 335
1473 68
1474 1411
1474 1402
1474 1729
1474 361
1475 59
1475 848
1475 1217
1475 763
1475 1006
1475 54
1475 1677
1475 9
1475 1292
1476 1503
1476 10
1476 1259
1476 1129
1476 1162
1476 1250
1476 846
1476 670
1476 668
1476 1066
1477 354
1477 1582
1479 1034
1479 1287
1479 1493
1479 266
1480 337
1480 378
1480 482
1480 483
1480 421
1480 1374
1481 1691
1481 1640
1481 1286
1481 1661
1481 96
1481 220
1481 1079
1481 1037
1481 558
1484 1267
1484 995
1484 316
1484 1350
1484 690
1484 585
1485 717
1485 471
1485 1052
1485 1511
1485 1602
1485 311
1485 808
1485 442
1486 476
1486 453
1486 680
1486 1148
1486 1056
1486 994
1487 504
1487 1455
1487 1227
1487 748
1487 836
1487 985
1487 1712
1487 581
1488 474
1488 489
1488 1061
1488 123
1488 1121
1488 1617
1489 405
1489 1513
1489 1471
1489 389
1489 1143
1489 188
1489 423
1489 994
1489 1581
1490 1076
1490 576
1490 816
1490 1584
1490 1265
1490 1366
1490 1589
1490 1545
1490 146
1490 947
1491 1776
1491 1722
1491 26
1491 652
1491 1143
1491 735
1492 1758
1492 720
1492 1655
1492 45
1492 1192
1492 934
1492 200
1492 1110
1493 185
1493 12
1494 1187
1494 1100
1494 1723
1494 1200
1494 1123
1494 807
1495 1647
1495 578
1495 1704
1495 1288
1495 1165
1495 1203
1496 1040
1496 463
1496 1538
1496 481
1497 84
1497 114
1497 242
1497 727
1497 319
1497 781
1497 1033
1497 44
1498 819
1498 948
1498 481
1498 1314
1498 792
1498 160
1499 1271
1499 155
1499 1031
1499 1326
1499 1227
1499 1606
1499 1291
1499 185
1499 1099
1500 1153
1500 254
1500 800
1500 1448
1500 1715
1500 921
1501 502
1501 1604
1501 1253
1501 525
1501 36
1501 163
1502 218
1502 1194
1502 1712
1502 555
1504 638
1504 1589
1504 1657
1504 142
1504 420
1504 907
1504 109
1504 963
1505 1606
1505 1755
1505 523
1505 1557
1505 1081
1505 515
1506 318
1506 1768
1506 1114
1506 409
1507 196
1507 1603
1507 1278
1507 504
1507 607
1507 697
1507 1725
1507 260
1508 1052
1508 163
1508 1470
1508 1457
1508 1734
1508 480
1508 120
1508 188
1508 387
1508 659
1509 1436
1509 1219
1509 1669
1509 1565
1509 1686
1509 1306
1509 1698
1509 9
1510 575
1510 1171
1510 658
1510 1381
1510 932
1510 1078
1510 1105
1510 1278
1511 965
1511 442
1511 411
1511 937
1512 1245
1512 466
1513 689
1513 1263
1514 913
1514 598
1515 347
1515 1406
1515 873
1515 730
1515 1217
1515 1471
1515 432
1515 344
1516 269
1516 446
1516 677
1516 1636
1516 245
1516 1677
1517 1316
1517 1608
1517 630
1517 689
1517 368
1517 64
1517 1626
1517 98
1518 48
1518 1241
1518 587
1518 1705
1518 771
1518 856
1518 1627
1518 1446
1519 163
1519 1131
1519 883
1519 90
1520 89
1520 445
1520 51
1520 1494
1520 1664
1520 1332
1520 657
1520 1458
1520 358
1520 1561
1521 1041
1521 939
1521 1207
1521 920
1521 1024
1521 763
1522 761
1522 1337
1523 201
1523 399
1523 228
1523 1710
1523 400
1523 1527
1524 704
1524 108
1524 1789
1524 1185
1525 233
1525 28
1525 412
1525 427
1526 504
1526 358
1526 1188
1526 463
1526 33
1526 874
1527 71
1527 95
1527 534
1527 61
1527 812
1527 1486
1528 1667
1528 578
1528 176
1528 1390
1528 1335
1528 1385
1529 910
1529 179
1529 476
1529 727
1529 1204
1529 1337
1530 4
1530 60
1530 1154
1530 836
1530 853
1530 1609
1530 1074
1530 1512
1530 1336
1530 1659
1531 1450
1531 879
1531 1514
1531 1176
1531 1442
1531 1410
1531 376
1531 1715
1531 1546
1531 715
1532 363
1532 371
1532 1077
1532 1134
1532 1528
1532 1578
1533 1136
1533 934
1533 1267
1533 1074
1533 1124
1533 1144
1534 398
1534 1105
1534 1662
1534 162
1534 1196
1534 894
1535 985
1535 956
1535 1325
1535 835
1536 679
1536 534
1536 54
1536 238
1536 1651
1536 368
1537 1596
1537 1664
1537 1622
1537 177
1537 244
1537 1158
1538 1014
1538 28
1538 1197
1538 1689
1538 1055
1538 1455
1539 1452
1539 198
1540 348
1540 554
1540 902
1540 542
1540 447
1540 1023
1540 1511
1540 629
1541 1048
1541 1663
1542 872
1542 764
1542 1584
1542 171
1542 466
1542 1265
1542 1386
1542 672
1543 1686
1543 1011
1543 495
1543 496
1544 491
1544 42
1544 1718
1544 507
1545 1576
1545 280
1545 606
1545 1719
1545 592
1545 441
1545 757
1545 672
1545 1412
1546 1792
1546 1714
1546 738
1546 280
1546 4
1546 754
1546 1491
1546 506
1547 1398
1547 1661
1548 1434
1548 669
1549 293
1549 732
1549 250
1549 403
1549 1586
1549 1259
1549 844
1549 1320
1549 217
1550 358
1550 1043
1550 594
1550 180
1550 866
1551 359
1551 472
1552 310
1552 59
1553 1695
1553 1768
1553 1608
1553 39
1553 1472
1553 920
1553 1775
1553 1091
1553 483
1554 127
1554 1375
1554 594
1554 1027
1554 631
1554 528
1554 36
1554 1064
1555 127
1555 998
1555 389
1555 894
1555 1504
1555 1026
1555 550
1555 103
1556 941
1556 410
1558 1618
1558 242
1558 624
1558 530
1558 1395
1558 320
1558 369
1558 1406
1559 1277
1559 1619
1559 1437
1559 1395
1560 373
1560 1783
1560 1251
1560 820
1560 1764
1560 1081
1560 818
1560 513
1561 1122
1561 369
1562 1432
1562 122
1563 724
1563 652
1563 691
1563 734
1563 668
1563 677
1563 1429
1563 362
1564 277
1564 225
1564 1649
1564 1570
1565 66
1565 185
1566 1019
1566 1040
1567 924
1567 968
1567 837
1567 1289
1567 1536
1567 123
1568 1650
1568 82
1568 479
1568 521
1568 828
1568 1678
1568 1576
1568 666
1569 1508
1569 415
1569 1187
1569 25
1570 755
1570 1305
1570 60
1570 1411
1571 895
1571 1434
1571 1075
1571 245
1571 592
1571 540
1571 1549
1571 1161
1572 532
1572 583
1572 874
1572 1183
1572 380
1572 1730
1573 1796
1573 60
1574 1255
1574 5
1575 501
1575 1144
1575 1312
1575 1604
1575 1233
1575 1620
1576 510
1576 1352
1576 212
1576 897
1577 275
1577 140
1577 856
1577 551
1577 134
1577 1099
1578 1327
1578 1245
1578 1340
1578 1312
1579 878
1579 786
1579 978
1579 1294
1579 1638
1579 1302
1579 154
1579 1520
1579 1114
1579 1184
1580 368
1580 925
1580 1402
1580 169
1580 140
1580 1601
1580 914
1580 1052
1580 1493
1580 1276
1581 1219
1581 1444
1581 1033
1581 653
1581 317
1581 384
1581 446
1581 170
1582 1252
1582 127
1582 1438
1582 1147
1583 752
1583 165
1583 221
1583 66
1585 1569
1585 1432
1585 501
1585 89
1585 27
1585 1315
1585 1197
1585 353
1585 1778
1586 1644
1586 897
1586 912
1586 937
1587 378
1587 242
1587 1237
1587 1722
1587 113
1587 1561
1587 1668
1587 228
1588 873
1588 1700
1588 805
1588 889
1588 235
1588 1382
1588 1091
1588 622
1589 1580
1589 519
1589 1183
1589 65
1589 1068
1589 167
1589 1606
1589 1128
1590 1496
1590 245
1590 804
1590 1356
1590 409
1590 1106
1590 479
1590 398
1590 569
1591 1718
1591 107
1591 824
1591 512
1591 1604
1591 347
1592 1245
1592 606
1592 143
1592 960
1592 734
1592 852
1593 446
1593 1552
1593 1605
1593 325
1593 34
1593 649
1593 729
1593 1745
1593 1648
1594 1311
1594 698
1594 1342
1594 775
1594 316
1594 1057
1594 1580
1594 639
1595 234
1595 186
1595 704
1595 1040
1595 1094
1595 560
1596 134
1596 1119
1596 636
1596 1610
1596 1664
1596 1549
1596 940
1596 889
1597 182
1597 1787
1597 1463
1597 1654
1597 940
1597 575
1598 453
1598 481
1598 945
1598 250
1598 902
1598 1090
1599 267
1599 797
1599 1690
1599 384
1599 1505
1599 555
1599 1157
1599 1325
1600 1369
1600 1460
1600 6
1600 1264
1600 1313
1600 1453
1601 571
1601 1617
1602 486
1602 1117
1602 1517
1602 1624
1602 827
1603 825
1603 286
1603 1543
1603 1517
1604 258
1604 781
1604 1348
1604 602
1605 1548
1605 631
1605 1035
1605 1580
1605 303
1605 441
1605 12
1605 1058
1606 1761
1606 1023
1606 937
1606 969
1606 18
1606 1096
1606 1482
1606 31
1607 296
1607 1343
1608 1630
1608 1407
1608 1395
1608 1451
1608 460
1608 1681
1608 13
1608 1387
1608 376
1608 1236
1609 1400
1609 1297
1609 745
1609 314
1609 209
1609 1198
1610 1129
1610 1557
1610 1218
1610 1556
1611 736
1611 961
1611 53
1611 1252
1611 1706
1611 1366
1611 942
1611 45
1611 688
1611 23
1613 1168
1613 1031
1613 223
1613 1626
1613 1052
1613 1290
1613 484
1613 1588
1613 1182
1613 191
1614 1495
1614 1571
1614 984
1614 1089
1614 196
1614 1129
1615 316
1615 680
1615 631
1615 1588
1615 13
1615 1678
1616 132
1616 548
1616 109
1616 1104
1616 989
1616 1323
1616 966
1616 463
1616 530
1617 702
1617 1333
1617 72
1617 1123
1617 372
1617 1266
1617 167
1617 1187
1617 467
1618 1564
1618 516
1618 142
1618 1541
1619 1759
1619 846
1619 1596
1619 1415
1619 1291
1619 17
1619 82
1619 1775
1620 1537
1620 1367
1620 654
1620 366
1620 1578
1620 125
1621 1129
1621 1565
1621 1508
1621 1649
1621 1701
1621 997
1621 1793
1621 772
1621 556
1621 900
1622 951
1622 1047
1623 786
1623 801
1623 380
1623 2
1623 1680
1623 1593
1624 672
1624 938
1624 920
1624 290
1624 1503
1624 715
1624 1363
1624 1504
1624 388
1625 879
1625 11
1625 1465
1625 1175
1625 371
1625 1508
1626 1268
1626 999
1626 784
1626 37
1628 1348
1628 614
1629 168
1629 562
1629 1367
1629 1732
1629 760
1629 797
1629 658
1629 965
1630 1720
1630 1316
1630 1026
1630 702
1630 1581
1630 1071
1630 977
1630 1150
1630 1467
1630 523
1631 7
1631 1074
1631 565
1631 758
1632 308
1632 1150
1632 484
1632 1296
1632 1065
1632 289
1632 835
1632 863
1633 755
1633 637
1634 151
1634 1310
1635 1250
1635 1443
1635 1610
1635 949
1635 1743
1635 149
1635 1325
1635 1684
1635 1730
1635 1051
1636 60
1636 1241
1636 514
1636 911
1637 64
1637 1410
1637 1245
1637 1721
1638 12
1638 606
1638 1016
1638 1391
1638 1435
1638 960
1639 1195
1639 236
1639 227
1639 1471
1639 1796
1639 1714
1639 1487
1639 1780
1640 1698
1640 329
1640 232
1640 1428
1641 329
1641 1410
1642 1714
1642 1072
1642 1241
1642 574
1643 317
1643 1782
1645 1659
1645 1524
1645 1043
1645 1457
1645 841
1645 1509
1646 1723
1646 1604
1646 1192
1646 350
1647 302
1647 22
1647 1333
1647 658
1647 1754
1647 1131
1647 1414
1647 221
1647 1391
1647 532
1648 540
1648 1163
1648 759
1648 1728
1649 1336
1649 1469
1649 1565
1649 720
1650 1116
1650 1390
1650 193
1650 149
1651 1562
1651 1536
1651 1206
1651 1190
1651 879
1651 354
1651 51
1651 414
1651 848
1651 1228
1652 1189
1652 444
1653 674
1653 1189
1653 316
1653 469
1653 1789
1653 909
1653 1408
1653 71
1654 777
1654 1413
1654 77
1654 1225
1654 391
1654 1783
1654 135
1654 698
1655 1439
1655 563
1655 1400
1655 229
1656 365
1656 570
1656 900
1656 1630
1656 1005
1656 1386
1658 1166
1658 1694
1658 790
1658 1308
1658 1141
1658 332
1659 274
1659 939
1659 269
1659 1697
1659 165
1659 466
1659 1466
1659 63
1660 1320
1660 1352
1660 650
1660 1436
1661 121
1661 1711
1661 969
1661 261
1661 534
1661 330
1661 992
1661 877
1663 1409
1663 1094
1663 1021
1663 28
1664 423
1664 1233
1664 690
1664 138
1664 678
1664 885
1664 1073
1664 1122
1665 118
1665 693
1665 1686
1665 12
1665 1087
1665 1656
1665 925
1665 493
1666 1369
1666 1561
1666 58
1666 3
1667 918
1667 1334
1667 1402
1667 1449
1667 1328
1667 615
1668 146
1668 1327
1668 1659
1668 1657
1668 495
1668 1697
1668 692
1668 1128
1669 19
1669 1022
1669 715
1669 1097
1669 714
1669 1406
1669 97
1669 1589
1670 909
1670 379
1670 1122
1670 1331
1670 683
1670 685
1671 1028
1671 861
1671 1776
1671 1414
1671 876
1671 1027
1672 1617
1672 1032
1672 745
1672 1673
1672 230
1672 672
1673 109
1673 1705
1673 195
1673 1114
1674 568
1674 755
1674 505
1674 85
1674 1788
1674 790
1675 65
1675 1682
1675 2
1675 694
1675 1477
1675 383
1675 662
1675 1619
1676 1399
1676 1166
1676 1287
1676 254
1676 1090
1676 1239
1676 1663
1676 37
1676 390
1677 1460
1677 764
1677 990
1677 542
1677 624
1677 1410
1677 956
1677 704
1677 591
1678 313
1678 838
1679 783
1679 517
1679 1129
1679 643
1679 313
1679 337
1679 355
1679 428
1679 1005
1680 1497
1680 565
1680 1505
1680 1096
1680 294
1680 662
1680 1206
1680 566
1681 819
1681 657
1681 366
1681 239
1682 811
1682 1289
1682 1110
1682 1117
1683 1122
1683 882
1684 1570
1684 1560
1684 1538
1684 666
1684 1313
1684 327
1685 546
1685 292
1685 1036
1685 1021
1685 1395
1685 1438
1685 1342
1685 1156
1685 1195
1686 1077
1686 612
1687 1121
1687 664
1687 130
1687 412
1688 701
1688 1490
1688 256
1688 197
1688 993
1688 941
1689 196
1689 50
1689 6
1689 1603
1689 1290
1689 1455
1690 1663
1690 1664
1690 1758
1690 356
1690 1780
1690 1504
1691 334
1691 215
1691 1546
1691 1156
1691 1752
1691 1474
1692 45
1692 1712
1692 491
1692 1072
1692 977
1692 1154
1692 1275
1692 1183
1692 1247
1693 155
1693 1418
1693 956
1693 517
1693 161
1693 21
1693 1548
1693 1194
1694 1348
1694 1049
1694 720
1694 25
1694 57
1694 1324
1695 150
1695 697
1695 1556
1695 192
1695 973
1695 1224
1695 1461
1695 1288
1695 881
1696 1541
1696 657
1696 399
1696 1368
1696 1381
1696 1305
1696 429
1696 350
1697 1100
1697 1335
1698 31
1698 1541
1698 1153
1698 1093
1698 1533
1698 706
1699 1781
1699 1617
1699 1103
1699 46
1699 1792
1699 1543
1700 1086
1700 1343
1701 1577
1701 193
1701 355
1701 1150
1701 250
1701 692
1701 6
1701 140
1701 457
1702 1632
1702 267
1702 110
1702 513
1702 633
1702 1393
1703 732
1703 1756
1703 860
1703 125
1704 353
1704 1740
1704 1735
1704 692
1704 542
1704 147
1705 368
1705 629
1705 1271
1705 917
1705 1596
1705 265
1706 1776
1706 1532
1706 1586
1706 1072
1706 747
1706 1413
1707 42
1707 810
1708 69
1708 1207
1708 1411
1708 1004
1708 1580
1708 1265
1708 1195
1708 903
1708 1050
1709 391
1709 1301
1710 1337
1710 1631
1710 93
1710 495
1710 899
1710 507
1710 396
1710 31
1711 1616
1711 513
1711 1425
1711 212
1712 928
1712 1170
1712 1363
1712 312
1712 820
1712 804
1713 1198
1713 412
1713 1119
1713 1321
1713 1678
1713 1042
1713 1679
1713 406
1714 260
1714 1335
1714 212
1714 870
1714 507
1714 1705
1715 1025
1715 786
1715 428
1715 903
1715 1077
1715 853
1715 1392
1715 1318
1715 851
1715 517
1716 961
1716 635
1716 1517
1716 1145
1717 1045
1717 165
1717 1561
1717 290
1718 490
1718 425
1719 761
1719 1107
1720 1697
1720 541
1720 1258
1720 872
1720 565
1720 1561
1720 1217
1720 1796
1720 717
1721 1405
1721 461
1721 1110
1721 686
1723 445
1723 1031
1723 63
1723 1338
1724 955
1724 1240
1724 1775
1724 530
1724 511
1724 1106
1724 835
1724 600
1724 97
1725 1546
1725 104
1725 1074
1725 1531
1725 245
1725 1677
1725 1164
1725 317
1726 90
1726 665
1726 886
1726 761
1726 992
1726 1798
1726 577
1727 510
1727 575
1727 833
1727 1796
1727 362
1727 494
1727 1757
1727 972
1728 472
1728 1519
1728 1528
1728 749
1728 568
1728 75
1728 239
1728 395
1729 1476
1729 85
1730 1635
1730 1364
1730 1114
1730 1629
1730 717
1730 574
1731 846
1731 14
1732 803
1732 1711
1732 243
1732 973
1732 403
1732 317
1732 110
1732 521
1733 92
1733 1083
1733 1279
1733 1460
1733 1031
1733 1030
1733 1262
1733 407
1734 590
1734 1558
1734 391
1734 348
1734 107
1734 1063
1735 949
1735 1567
1735 1644
1735 1021
1735 662
1735 1478
1736 391
1736 1510
1736 1304
1736 563
1736 663
1736 11
1737 615
1737 1302
1737 780
1737 1768
1737 1117
1737 1187
1737 1495
1738 560
1738 492
1738 930
1738 131
1739 947
1739 1315
1739 1668
1739 1406
1739 785
1739 1380
1740 522
1740 75
1740 944
1740 407
1740 1026
1740 1500
1740 348
1740 1768
1741 1196
1741 818
1741 1096
1741 621
1741 560
1741 1668
1741 1586
1741 558
1741 720
1742 227
1742 691
1742 1629
1742 314
1743 182
1743 1287
1743 447
1743 180
1744 1580
1744 1382
1745 1719
1745 1505
1745 1510
1745 1007
1746 1424
1746 256
1746 570
1746 835
1746 970
1746 474
1746 136
1746 1252
1747 95
1747 1421
1747 641
1747 819
1748 1403
1748 1674
1748 1272
1748 1678
1749 1121
1749 811
1749 1688
1749 1769
1749 623
1749 1391
1749 1759
1749 1203
1750 203
1750 1674
1750 473
1750 1772
1750 1029
1750 193
1751 1215
1751 1588
1751 1596
1751 95
1751 237
1751 349
1751 1075
1751 1606
1752 1157
1752 1291
1753 1250
1753 621
1753 1240
1753 1360
1753 489
1753 164
1754 1781
1754 1494
1754 242
1754 1132
1754 1159
1754 383
1754 1762
1754 994
1754 1760
1754 411
1755 917
1755 572
1755 977
1755 900
1755 33
1755 1795
1756 1775
1756 13
1757 536
1757 1128
1757 543
1757 1118
1757 394
1757 383
1758 332
1758 723
1758 1263
1758 1037
1758 1570
1758 525
1758 1251
1758 1255
1758 230
1758 1506
1759 992
1759 829
1759 1789
1759 1128
1759 1019
1759 907
1759 1308
1759 16
1760 1009
1760 1012
1760 1580
1760 866
1760 1584
1760 213
1760 327
1760 1104
1761 477
1761 146
1762 872
1762 747
1762 994
1762 726
1762 1009
1762 473
1762 1346
1762 1642
1762 645
1764 1713
1764 1442
1764 451
1764 627
1764 1630
1764 236
1764 927
1764 957
1764 1667
1765 532
1765 1228
1765 464
1765 300
1767 178
1767 966
1767 10
1767 566
1767 486
1767 245
1768 1514
1768 1604
1768 969
1768 1511
1768 274
1768 1770
1768 771
1768 893
1768 504
1768 778
1769 1548
1769 1421
1769 1262
1769 637
1769 885
1769 577
1770 366
1770 85
1770 1313
1770 620
1771 1148
1771 606
1771 1639
1771 826
1772 140
1772 55
1772 262
1772 1783
1773 882
1773 318
1773 175
1773 758
1773 748
1773 1778
1774 26
1774 1658
1774 1409
1774 1108
1774 285
1774 266
1774 1133
1774 1400
1774 1306
1774 550
1776 284
1776 451
1776 521
1776 1679
1776 1233
1776 734
1777 1330
1777 1573
1777 335
1777 539
1777 515
1777 1651
1778 132
1778 1504
1778 625
1778 174
1778 934
1778 925
1778 950
1778 1735
1779 223
1779 1510
1779 275
1779 681
1779 375
1779 458
1780 756
1780 1718
1780 352
1780 267
1780 1509
1780 1695
1781 360
1781 1551
1781 1042
1781 1637
1781 160
1781 1633
1782 253
1782 1536
1782 186
1782 1372
1782 1143
1782 32
1783 684
1783 849
1783 1047
1783 1582
1783 1434
1783 1712
1783 796
1783 10
1783 190
1783 1657
1784 1614
1784 646
1784 73
1784 1513
1785 1463
1785 522
1785 684
1785 1168
1786 355
1786 1704
1786 1668
1786 205
1786 979
1786 799
1787 793
1787 1673
1787 775
1787 1667
1787 89
1787 781
1788 1295
1788 1631
1788 697
1788 1582
1788 1366
1788 1477
1788 290
1788 1319
1789 1113
1789 407
1789 1148
1789 1422
1790 246
1790 413
1790 110
1790 1094
1790 1745
1790 1717
1791 596
1791 1377
1791 1098
1791 944
1791 471
1791 861
1792 430
1792 82
1792 143
1792 849
1792 913
1792 269
1793 1614
1793 395
1793 1102
1793 1673
1794 781
1794 1350
1794 645
1794 1791
1794 358
1794 20
1795 886
1795 1185
1796 1280
1796 342
1796 919
1796 968
1796 417
1796 581
1796 1395
1796 953
1796 831
1797 921
1797 1565
1797 950
1797 816
1797 130
1797 1311
1797 588
1797 87
1798 747
1798 1650
1798 848
1798 1014
1798 477
1798 1308
1799 507
1799 1356
1799 1207
1799 511
1799 469
1799 213
1799 881
1799 271
